model,inf_dir,test_im,test_11,test_12,test_21,test_22,test_11+22,test_12+21,1,2,3,4,5,6,7,8
10112050,/proj/NIRAL/users/siyangj/model_10112050/inference_17000_10112050,1,0.9189148788927336,0.06739930795847751,0.29504415447475946,0.6493033749680179,1.5682182538607516,0.36244346243323705,"[array([[9.99997955e-01, 0.00000000e+00, 0.00000000e+00, 2.04494796e-06],
       [6.64359862e-05, 9.18914879e-01, 6.73993080e-02, 1.36193772e-02],
       [1.51187403e-03, 2.95044154e-01, 6.49303375e-01, 5.41405965e-02],
       [1.10373904e-01, 2.62813220e-02, 1.20326198e-01, 7.43018576e-01]])]","[array([[9.92886328e-01, 2.42215113e-05, 2.34389702e-03, 4.74555302e-03],
       [1.10490523e-04, 8.24259299e-01, 1.56758429e-01, 1.88717813e-02],
       [2.95826775e-03, 5.44726392e-02, 9.11032524e-01, 3.15365690e-02],
       [1.37849171e-01, 1.81665699e-02, 1.58647829e-01, 6.85336430e-01]])]","[array([[9.99996610e-01, 0.00000000e+00, 0.00000000e+00, 3.38991095e-06],
       [0.00000000e+00, 9.10306827e-01, 6.33052665e-02, 2.63879069e-02],
       [2.89566904e-04, 2.12609673e-01, 7.56117101e-01, 3.09836588e-02],
       [7.21880334e-03, 8.86926293e-02, 8.19749143e-02, 8.22113653e-01]])]","[array([[1.00000000e+00, 0.00000000e+00, 0.00000000e+00, 0.00000000e+00],
       [0.00000000e+00, 9.29605867e-01, 5.63333651e-02, 1.40607678e-02],
       [2.13101479e-05, 1.16076376e-01, 8.55506542e-01, 2.83957721e-02],
       [3.00292862e-02, 5.25257529e-02, 1.03069952e-01, 8.14375009e-01]])]","[array([[9.99939940e-01, 0.00000000e+00, 2.14499754e-06, 5.79149337e-05],
       [0.00000000e+00, 9.54769760e-01, 4.37780222e-02, 1.45221780e-03],
       [2.43005773e-05, 9.83791515e-02, 8.79201830e-01, 2.23947177e-02],
       [4.33215755e-01, 1.25514403e-02, 3.92636684e-02, 5.14969136e-01]])]","[array([[9.99965449e-01, 0.00000000e+00, 0.00000000e+00, 3.45509073e-05],
       [0.00000000e+00, 9.69101145e-01, 3.01446670e-02, 7.54188029e-04],
       [0.00000000e+00, 9.60238392e-02, 8.87035225e-01, 1.69409358e-02],
       [5.46349340e-01, 4.79280873e-03, 1.05812052e-01, 3.43045799e-01]])]","[array([[9.99974278e-01, 0.00000000e+00, 0.00000000e+00, 2.57224581e-05],
       [0.00000000e+00, 9.58172173e-01, 4.02144583e-02, 1.61336912e-03],
       [4.74820281e-06, 7.08906679e-02, 9.08321700e-01, 2.07828837e-02],
       [5.63850403e-01, 1.25389900e-03, 6.79178023e-02, 3.66977896e-01]])]","[array([[9.99826604e-01, 0.00000000e+00, 8.25694285e-06, 1.65138857e-04],
       [0.00000000e+00, 9.67761423e-01, 3.04483638e-02, 1.79021350e-03],
       [0.00000000e+00, 8.40010116e-02, 8.96272129e-01, 1.97268589e-02],
       [4.92870401e-01, 2.45700246e-03, 8.82053153e-02, 4.16467281e-01]])]"
10112050,/proj/NIRAL/users/siyangj/model_10112050/inference,1,0.8951750865051903,0.09714602076124568,0.22437761185929486,0.7535102613603765,1.6486853478655668,0.3215236326205406,"[array([[1.00000000e+00, 0.00000000e+00, 0.00000000e+00, 0.00000000e+00],
       [6.64359862e-05, 8.95175087e-01, 9.71460208e-02, 7.61245675e-03],
       [2.34534304e-03, 2.24377612e-01, 7.53510261e-01, 1.97667837e-02],
       [1.27018423e-01, 2.20365395e-02, 1.72821920e-01, 6.78123118e-01]])]","[array([[9.92843475e-01, 0.00000000e+00, 6.76898081e-03, 3.87544181e-04],
       [1.21539575e-04, 8.57163377e-01, 1.37013773e-01, 5.70131097e-03],
       [1.61206602e-03, 5.21642619e-02, 9.30845744e-01, 1.53779282e-02],
       [1.32210825e-01, 1.81149603e-02, 1.94090704e-01, 6.55583511e-01]])]","[array([[9.99969491e-01, 0.00000000e+00, 1.01697328e-05, 2.03394657e-05],
       [1.98668918e-04, 9.01693945e-01, 8.76188362e-02, 1.04885502e-02],
       [1.19205042e-03, 2.63003967e-01, 7.24766657e-01, 1.10373252e-02],
       [1.78669297e-02, 1.24285558e-01, 2.24440582e-01, 6.33406931e-01]])]","[array([[1.00000000e+00, 0.00000000e+00, 0.00000000e+00, 0.00000000e+00],
       [3.00979689e-05, 8.99332327e-01, 8.45953579e-02, 1.60422174e-02],
       [6.12666752e-04, 1.93613349e-01, 7.82226271e-01, 2.35477134e-02],
       [3.66878907e-02, 7.23121530e-02, 2.86829951e-01, 6.04170006e-01]])]","[array([[9.99974260e-01, 0.00000000e+00, 4.28999509e-06, 2.14499754e-05],
       [0.00000000e+00, 9.39747060e-01, 5.75952401e-02, 2.65769957e-03],
       [2.84663906e-04, 1.25699943e-01, 8.48642118e-01, 2.53732742e-02],
       [4.33928571e-01, 2.19870664e-02, 5.79365079e-02, 4.86147854e-01]])]","[array([[9.99986180e-01, 0.00000000e+00, 1.72754537e-06, 1.20928176e-05],
       [0.00000000e+00, 9.59654749e-01, 4.02233615e-02, 1.21888974e-04],
       [8.89521437e-06, 9.41736346e-02, 9.02192670e-01, 3.62479986e-03],
       [5.47562970e-01, 8.69082270e-03, 1.63582882e-01, 2.80163326e-01]])]","[array([[9.99993141e-01, 0.00000000e+00, 0.00000000e+00, 6.85932216e-06],
       [7.04528001e-06, 9.36867246e-01, 6.29918486e-02, 1.33860320e-04],
       [6.17266365e-05, 6.23913849e-02, 9.32860412e-01, 4.68647617e-03],
       [5.63539519e-01, 4.64253516e-03, 1.13275785e-01, 3.18542161e-01]])]","[array([[9.99922385e-01, 0.00000000e+00, 2.80736057e-05, 4.95416571e-05],
       [0.00000000e+00, 9.47148183e-01, 5.25497650e-02, 3.02052483e-04],
       [5.05816894e-06, 7.34800202e-02, 9.21203844e-01, 5.31107739e-03],
       [4.93321030e-01, 9.61342446e-03, 1.44662725e-01, 3.52402820e-01]])]"
10112050,/proj/NIRAL/users/siyangj/model_10112050/inference_13200_10112050,1,0.9265716262975778,0.05850242214532873,0.3087789485109979,0.649880988377953,1.5764526146755309,0.3672813706563266,"[array([[9.99991820e-01, 0.00000000e+00, 0.00000000e+00, 8.17979182e-06],
       [1.10726644e-04, 9.26571626e-01, 5.85024221e-02, 1.48152249e-02],
       [3.09740345e-03, 3.08778949e-01, 6.49880988e-01, 3.82426597e-02],
       [1.02132908e-01, 2.73042763e-02, 9.17886404e-02, 7.78774176e-01]])]","[array([[9.95848806e-01, 0.00000000e+00, 3.22332420e-03, 9.27870203e-04],
       [7.18188397e-05, 9.27518217e-01, 5.98858633e-02, 1.25241007e-02],
       [2.56580141e-03, 9.35251495e-02, 8.75356068e-01, 2.85529808e-02],
       [8.90007096e-02, 1.65279659e-02, 1.14740984e-01, 7.79730340e-01]])]","[array([[9.99976271e-01, 0.00000000e+00, 1.01697328e-05, 1.35596438e-05],
       [2.33728139e-04, 8.73255073e-01, 1.09040020e-01, 1.74711784e-02],
       [1.93527214e-03, 1.84975339e-01, 7.94171018e-01, 1.89183711e-02],
       [1.96050798e-02, 6.75373076e-02, 1.57654907e-01, 7.55202706e-01]])]","[array([[1.00000000e+00, 0.00000000e+00, 0.00000000e+00, 0.00000000e+00],
       [2.50816407e-05, 8.29901329e-01, 1.47018545e-01, 2.30550442e-02],
       [8.41750842e-04, 6.45377829e-02, 8.98302647e-01, 3.63178195e-02],
       [3.89317092e-02, 3.30598983e-02, 1.48951670e-01, 7.79056722e-01]])]","[array([[9.99982840e-01, 0.00000000e+00, 8.57999018e-06, 8.57999018e-06],
       [0.00000000e+00, 9.32648112e-01, 6.49902716e-02, 2.36161633e-03],
       [1.15948469e-03, 8.34898406e-02, 8.98125037e-01, 1.72256378e-02],
       [4.34847149e-01, 1.12948266e-02, 5.22192828e-02, 5.01638742e-01]])]","[array([[9.99994817e-01, 0.00000000e+00, 1.72754537e-06, 3.45509073e-06],
       [0.00000000e+00, 9.62206800e-01, 3.75875125e-02, 2.05687644e-04],
       [1.46771037e-04, 9.67576944e-02, 8.95316670e-01, 7.77886497e-03],
       [5.47346985e-01, 5.18363863e-03, 1.37695544e-01, 3.09773833e-01]])]","[array([[9.99994856e-01, 0.00000000e+00, 0.00000000e+00, 5.14449162e-06],
       [2.81811201e-05, 9.40692833e-01, 5.89408126e-02, 3.38173441e-04],
       [3.18129588e-04, 8.37820385e-02, 9.05790908e-01, 1.01089238e-02],
       [5.63653509e-01, 3.22283132e-03, 9.14309993e-02, 3.41692660e-01]])]","[array([[9.99948807e-01, 0.00000000e+00, 1.15597200e-05, 3.96333257e-05],
       [7.36713374e-06, 9.39051703e-01, 6.05799408e-02, 3.60989553e-04],
       [1.41628730e-04, 8.29387962e-02, 9.07926151e-01, 8.99342438e-03],
       [4.93149362e-01, 7.97184640e-03, 1.12753881e-01, 3.86124910e-01]])]"
10112055,/proj/NIRAL/users/siyangj/model_10112055/inference,1,0.8243321799307959,0.15909757785467127,0.1415850642352631,0.8055458640553889,1.6298780439861846,0.30068264208993434,"[array([[9.99957056e-01, 0.00000000e+00, 0.00000000e+00, 4.29439071e-05],
       [6.64359862e-05, 8.24332180e-01, 1.59097578e-01, 1.65038062e-02],
       [1.17848642e-03, 1.41585064e-01, 8.05545864e-01, 5.16905853e-02],
       [1.02840371e-01, 2.00957944e-02, 1.26808096e-01, 7.50255739e-01]])]","[array([[9.90477220e-01, 2.98110908e-05, 6.99815358e-03, 2.49481566e-03],
       [2.20981045e-05, 7.80858622e-01, 2.00462955e-01, 1.86563248e-02],
       [1.13097825e-03, 7.26653528e-02, 8.95511114e-01, 3.06925554e-02],
       [7.56080253e-02, 2.38952326e-02, 1.54441649e-01, 7.46055093e-01]])]","[array([[9.99971186e-01, 1.69495547e-06, 0.00000000e+00, 2.71192876e-05],
       [5.84320348e-06, 8.90930764e-01, 7.98707483e-02, 2.91926446e-02],
       [3.81263091e-04, 9.72944799e-02, 8.70718029e-01, 3.16062276e-02],
       [4.32188660e-03, 7.64629430e-02, 6.65507900e-02, 8.52664380e-01]])]","[array([[1.00000000e+00, 0.00000000e+00, 0.00000000e+00, 0.00000000e+00],
       [2.00653126e-05, 8.22261461e-01, 1.43261316e-01, 3.44571580e-02],
       [1.97118868e-04, 6.01105997e-02, 8.98856711e-01, 4.08355709e-02],
       [3.49831714e-02, 7.27055498e-02, 1.93361794e-01, 6.98949485e-01]])]","[array([[9.99927070e-01, 0.00000000e+00, 8.57999018e-06, 6.43499263e-05],
       [1.05744015e-04, 9.35608945e-01, 5.52265742e-02, 9.05873728e-03],
       [2.91606928e-04, 1.51694618e-01, 7.84908647e-01, 6.31051278e-02],
       [4.32833627e-01, 1.09788360e-02, 2.25529101e-02, 5.33634627e-01]])]","[array([[9.99975814e-01, 0.00000000e+00, 5.18263610e-06, 1.90029990e-05],
       [0.00000000e+00, 9.54543031e-01, 4.24173631e-02, 3.03960630e-03],
       [8.89521437e-06, 1.38631916e-01, 8.25137876e-01, 3.62213129e-02],
       [5.46863590e-01, 1.02027173e-02, 1.00576988e-01, 3.42356704e-01]])]","[array([[9.99987996e-01, 0.00000000e+00, 0.00000000e+00, 1.20038138e-05],
       [1.40905600e-05, 9.52162549e-01, 4.49488865e-02, 2.87447425e-03],
       [2.37410140e-05, 9.25567173e-02, 8.61969744e-01, 4.54497973e-02],
       [5.63891854e-01, 3.31609654e-03, 5.38140292e-02, 3.78978020e-01]])]","[array([[9.99861283e-01, 0.00000000e+00, 6.27527657e-05, 7.59638742e-05],
       [0.00000000e+00, 9.46853497e-01, 4.96765828e-02, 3.46991999e-03],
       [2.02326758e-05, 8.68993424e-02, 8.74992413e-01, 3.80880121e-02],
       [4.93009882e-01, 7.01694151e-03, 7.96755469e-02, 4.20297630e-01]])]"
10112055,/proj/NIRAL/users/siyangj/model_10112055/inference_18900_10112055,1,0.8920193771626298,0.09443875432525953,0.25017250870296714,0.6969739259879515,1.5889933031505814,0.34461126302822664,"[array([[1.00000000e+00, 0.00000000e+00, 0.00000000e+00, 0.00000000e+00],
       [4.42906574e-05, 8.92019377e-01, 9.44387543e-02, 1.34975779e-02],
       [1.75997643e-03, 2.50172509e-01, 6.96973926e-01, 5.10935889e-02],
       [1.14255394e-01, 2.51340835e-02, 9.66261628e-02, 7.63984359e-01]])]","[array([[9.92319918e-01, 3.72638636e-06, 5.26911031e-03, 2.40724559e-03],
       [3.86716829e-05, 8.76046207e-01, 1.10960107e-01, 1.29550138e-02],
       [1.54032486e-03, 7.13866722e-02, 8.98617084e-01, 2.84559193e-02],
       [8.44848719e-02, 1.56247984e-02, 1.39823237e-01, 7.60067092e-01]])]","[array([[9.99994915e-01, 0.00000000e+00, 0.00000000e+00, 5.08486642e-06],
       [1.75296104e-05, 9.18750256e-01, 5.72049620e-02, 2.40272527e-02],
       [1.64087913e-04, 1.20372962e-01, 8.48348986e-01, 3.11139639e-02],
       [2.03567122e-03, 4.81827720e-02, 5.65603420e-02, 8.93221215e-01]])]","[array([[1.00000000e+00, 0.00000000e+00, 0.00000000e+00, 0.00000000e+00],
       [5.01632815e-06, 8.46048889e-01, 1.19980537e-01, 3.39655579e-02],
       [4.79478328e-05, 9.52190683e-02, 8.71164173e-01, 3.35688105e-02],
       [3.04081127e-02, 4.95388516e-02, 1.70151385e-01, 7.49901651e-01]])]","[array([[9.99969970e-01, 0.00000000e+00, 0.00000000e+00, 3.00299656e-05],
       [7.04960099e-06, 9.44921467e-01, 5.16947241e-02, 3.37675888e-03],
       [1.73575552e-04, 8.56248199e-02, 8.85408892e-01, 2.87927126e-02],
       [4.33509700e-01, 6.08465608e-03, 3.05702528e-02, 5.29835391e-01]])]","[array([[9.99986180e-01, 0.00000000e+00, 0.00000000e+00, 1.38203629e-05],
       [0.00000000e+00, 9.64088461e-01, 3.56601431e-02, 2.51396010e-04],
       [0.00000000e+00, 9.67310087e-02, 8.86568226e-01, 1.67007650e-02],
       [5.46894445e-01, 4.43283383e-03, 9.66892594e-02, 3.51983462e-01]])]","[array([[9.99994856e-01, 0.00000000e+00, 0.00000000e+00, 5.14449162e-06],
       [0.00000000e+00, 9.43482764e-01, 5.57352102e-02, 7.82026082e-04],
       [3.79856224e-05, 7.08146966e-02, 9.07490765e-01, 2.16565530e-02],
       [5.63995482e-01, 2.53888641e-03, 5.36896755e-02, 3.79775956e-01]])]","[array([[9.99932293e-01, 0.00000000e+00, 1.32111086e-05, 5.44958228e-05],
       [0.00000000e+00, 9.49277284e-01, 4.97134185e-02, 1.00929732e-03],
       [1.51745068e-05, 6.28528073e-02, 9.20085989e-01, 1.70460293e-02],
       [4.93106445e-01, 4.64577320e-03, 8.12312908e-02, 4.21016491e-01]])]"
10112055,/proj/NIRAL/users/siyangj/model_10112055/inference_21900_10112055,1,0.8610159169550173,0.1251598615916955,0.12089564967940518,0.8213081199264997,1.6823240368815169,0.2460555112711007,"[array([[9.99995910e-01, 0.00000000e+00, 0.00000000e+00, 4.08989591e-06],
       [3.32179931e-05, 8.61015917e-01, 1.25159862e-01, 1.37910035e-02],
       [1.21725242e-03, 1.20895650e-01, 8.21308120e-01, 5.65789780e-02],
       [9.59473800e-02, 1.55737627e-02, 7.58802665e-02, 8.12598591e-01]])]","[array([[9.95321522e-01, 3.72638636e-06, 3.51770872e-03, 1.15704296e-03],
       [2.76226307e-05, 8.84625796e-01, 1.08766871e-01, 6.57971063e-03],
       [1.42638302e-03, 3.45750180e-02, 9.41729300e-01, 2.22692994e-02],
       [7.27565963e-02, 1.64118444e-02, 1.23321076e-01, 7.87510483e-01]])]","[array([[1.00000000e+00, 0.00000000e+00, 0.00000000e+00, 0.00000000e+00],
       [2.33728139e-05, 8.78420465e-01, 1.01917155e-01, 1.96390069e-02],
       [2.75088559e-04, 5.33478760e-02, 9.27024314e-01, 1.93527214e-02],
       [2.83428070e-03, 3.85837992e-02, 9.63185669e-02, 8.62263353e-01]])]","[array([[1.00000000e+00, 0.00000000e+00, 0.00000000e+00, 0.00000000e+00],
       [1.00326563e-05, 8.04333104e-01, 1.60261652e-01, 3.53952114e-02],
       [1.65153646e-04, 5.65784427e-02, 8.97498189e-01, 4.57582151e-02],
       [3.04226830e-02, 2.68092609e-02, 1.76999403e-01, 7.65768654e-01]])]","[array([[9.99984985e-01, 0.00000000e+00, 0.00000000e+00, 1.50149828e-05],
       [0.00000000e+00, 9.04604799e-01, 9.38372388e-02, 1.55796182e-03],
       [1.35388931e-04, 3.21739644e-02, 9.58123162e-01, 9.56748444e-03],
       [4.33399471e-01, 4.90152851e-03, 4.45105820e-02, 5.17188419e-01]])]","[array([[9.99987907e-01, 0.00000000e+00, 1.72754537e-06, 1.03652722e-05],
       [0.00000000e+00, 9.61863987e-01, 3.76636931e-02, 4.72319776e-04],
       [4.44760719e-06, 5.72184665e-02, 9.33566091e-01, 9.21099448e-03],
       [5.46760740e-01, 4.25798887e-03, 9.25135505e-02, 3.56467721e-01]])]","[array([[9.99996570e-01, 0.00000000e+00, 0.00000000e+00, 3.42966108e-06],
       [7.04528001e-06, 9.40530791e-01, 5.88844504e-02, 5.77712961e-04],
       [1.89928112e-05, 3.49990029e-02, 9.53420130e-01, 1.15618738e-02],
       [5.63964393e-01, 1.01555457e-03, 5.88503508e-02, 3.76169701e-01]])]","[array([[9.99966972e-01, 0.00000000e+00, 4.95416571e-06, 2.80736057e-05],
       [0.00000000e+00, 9.39685276e-01, 5.93201609e-02, 9.94563055e-04],
       [0.00000000e+00, 3.60900354e-02, 9.53444613e-01, 1.04653515e-02],
       [4.93020611e-01, 3.99128783e-03, 7.35705932e-02, 4.29417508e-01]])]"
10112056,/proj/NIRAL/users/siyangj/model_10112056/inference_18100_10112056,1,0.8255391003460207,0.12466159169550173,0.17421053039642112,0.7374456306840649,1.5629847310300855,0.2988721220919228,"[array([[9.99997955e-01, 0.00000000e+00, 0.00000000e+00, 2.04494796e-06],
       [1.32871972e-04, 8.25539100e-01, 1.24661592e-01, 4.96664360e-02],
       [1.05831182e-03, 1.74210530e-01, 7.37445631e-01, 8.72855271e-02],
       [1.21463876e-01, 5.63102898e-03, 6.51440262e-02, 8.07761068e-01]])]","[array([[9.90285311e-01, 7.45277271e-06, 5.61193785e-03, 4.09529860e-03],
       [4.97207352e-05, 8.04702477e-01, 1.50686975e-01, 4.45608278e-02],
       [3.67145926e-04, 3.86220634e-02, 9.06812456e-01, 5.41983348e-02],
       [8.59299400e-02, 1.00380621e-02, 8.24075866e-02, 8.21624411e-01]])]","[array([[1.00000000e+00, 0.00000000e+00, 0.00000000e+00, 0.00000000e+00],
       [3.50592209e-05, 8.04077387e-01, 9.06982044e-02, 1.05189349e-01],
       [7.14265031e-04, 1.69724815e-01, 7.50031370e-01, 7.95295503e-02],
       [1.28717057e-02, 3.38547783e-02, 3.38234603e-02, 9.19450056e-01]])]","[array([[1.00000000e+00, 0.00000000e+00, 0.00000000e+00, 0.00000000e+00],
       [5.01632815e-06, 8.62978997e-01, 7.21247661e-02, 6.48912209e-02],
       [6.39304437e-05, 1.03466096e-01, 8.05960448e-01, 9.05095256e-02],
       [3.22293940e-02, 1.57650110e-02, 5.99420104e-02, 8.92063585e-01]])]","[array([[9.99965680e-01, 0.00000000e+00, 1.07249877e-05, 2.35949730e-05],
       [0.00000000e+00, 9.07509235e-01, 8.71542171e-02, 5.33654795e-03],
       [5.90156878e-05, 3.99744497e-02, 9.44292662e-01, 1.56738724e-02],
       [4.33546443e-01, 1.34479718e-03, 3.33994709e-02, 5.31709289e-01]])]","[array([[9.99982725e-01, 0.00000000e+00, 0.00000000e+00, 1.72754537e-05],
       [0.00000000e+00, 9.55769538e-01, 4.15031958e-02, 2.72726580e-03],
       [8.89521437e-06, 8.10398506e-02, 8.92568048e-01, 2.63832058e-02],
       [5.46873875e-01, 4.12428391e-03, 6.41475280e-02, 3.84854313e-01]])]","[array([[9.99989711e-01, 0.00000000e+00, 0.00000000e+00, 1.02889832e-05],
       [0.00000000e+00, 9.41841213e-01, 5.31989094e-02, 4.95987713e-03],
       [4.74820281e-06, 6.87777176e-02, 8.99599252e-01, 3.16182825e-02],
       [5.64036933e-01, 3.00521249e-04, 3.08396978e-02, 4.04822848e-01]])]","[array([[9.99925688e-01, 1.65138857e-06, 6.60555428e-06, 6.60555428e-05],
       [0.00000000e+00, 9.26247624e-01, 6.53980462e-02, 8.35432966e-03],
       [0.00000000e+00, 8.43601416e-02, 8.81618614e-01, 3.40212443e-02],
       [4.93052799e-01, 2.03856099e-03, 4.62646052e-02, 4.58644035e-01]])]"
10112056,/proj/NIRAL/users/siyangj/model_10112056/inference_16500_10112056,1,0.7938546712802769,0.18939792387543253,0.09042557315531986,0.8495762876127122,1.6434309588929892,0.2798234970307524,"[array([[1.00000000e+00, 0.00000000e+00, 0.00000000e+00, 0.00000000e+00],
       [1.16262976e-04, 7.93854671e-01, 1.89397924e-01, 1.66311419e-02],
       [3.09352685e-03, 9.04255732e-02, 8.49576288e-01, 5.69046124e-02],
       [1.41674395e-01, 2.45700246e-03, 1.06979990e-01, 7.48888613e-01]])]","[array([[9.93449013e-01, 3.72638636e-06, 5.06788544e-03, 1.47937538e-03],
       [9.39169443e-05, 7.81665203e-01, 1.95617946e-01, 2.26229345e-02],
       [1.39684255e-03, 3.57819575e-02, 9.24946089e-01, 3.78751113e-02],
       [9.79162635e-02, 7.26404748e-03, 1.12173408e-01, 7.82646281e-01]])]","[array([[1.00000000e+00, 0.00000000e+00, 0.00000000e+00, 0.00000000e+00],
       [4.09024243e-05, 8.91620262e-01, 8.03148318e-02, 2.80240039e-02],
       [7.43221721e-04, 2.19486887e-01, 7.44548903e-01, 3.52209878e-02],
       [1.45785378e-02, 7.02619752e-02, 1.09174614e-01, 8.05984873e-01]])]","[array([[1.00000000e+00, 0.00000000e+00, 0.00000000e+00, 0.00000000e+00],
       [1.50489844e-05, 8.65251393e-01, 1.03978450e-01, 3.07551079e-02],
       [2.77031923e-04, 9.45850914e-02, 8.52235435e-01, 5.29024421e-02],
       [3.58282459e-02, 3.57991054e-02, 1.29034138e-01, 7.99338511e-01]])]","[array([[9.99976405e-01, 0.00000000e+00, 2.14499754e-06, 2.14499754e-05],
       [0.00000000e+00, 9.18422017e-01, 8.02033105e-02, 1.37467219e-03],
       [1.45803464e-04, 4.81186146e-02, 9.41321049e-01, 1.04145331e-02],
       [4.34126984e-01, 7.40740741e-03, 5.36449148e-02, 5.04820694e-01]])]","[array([[9.99989635e-01, 0.00000000e+00, 0.00000000e+00, 1.03652722e-05],
       [0.00000000e+00, 9.44830003e-01, 5.48119482e-02, 3.58048862e-04],
       [4.44760719e-06, 4.56502402e-02, 9.40860167e-01, 1.34851450e-02],
       [5.47172140e-01, 4.84423372e-03, 7.73740345e-02, 3.70609592e-01]])]","[array([[9.99994856e-01, 0.00000000e+00, 0.00000000e+00, 5.14449162e-06],
       [0.00000000e+00, 9.31991912e-01, 6.70147035e-02, 9.93384482e-04],
       [1.89928112e-05, 3.26106569e-02, 9.52693655e-01, 1.46766949e-02],
       [5.64047296e-01, 6.32130903e-04, 5.09538959e-02, 3.84366677e-01]])]","[array([[9.99935596e-01, 0.00000000e+00, 9.90833142e-06, 5.44958228e-05],
       [7.36713374e-06, 9.33798936e-01, 6.45508259e-02, 1.64287082e-03],
       [5.05816894e-06, 4.83055134e-02, 9.35629742e-01, 1.60596864e-02],
       [4.93224467e-01, 2.15658294e-03, 7.01908737e-02, 4.34428076e-01]])]"
10112056,/proj/NIRAL/users/siyangj/model_10112056/inference,1,0.8455750865051903,0.1473826989619377,0.18431295017018276,0.7890431775715426,1.6346182640767333,0.3316956491321205,"[array([[9.99492853e-01, 0.00000000e+00, 4.08989591e-06, 5.03057197e-04],
       [1.99307958e-04, 8.45575087e-01, 1.47382699e-01, 6.84290657e-03],
       [1.37619302e-03, 1.84312950e-01, 7.89043178e-01, 2.52676792e-02],
       [6.57941281e-02, 4.49717493e-02, 1.78032295e-01, 7.11201828e-01]])]","[array([[9.91898836e-01, 1.86319318e-06, 5.21321451e-03, 2.88608623e-03],
       [2.20981045e-05, 9.39208114e-01, 5.44718277e-02, 6.29795979e-03],
       [5.02188105e-04, 1.29218486e-01, 8.49955478e-01, 2.03238480e-02],
       [5.80478679e-02, 3.73008193e-02, 1.65847365e-01, 7.38803948e-01]])]","[array([[9.99811860e-01, 1.69495547e-06, 8.47477737e-06, 1.77970325e-04],
       [7.01184417e-05, 9.08641514e-01, 7.78314703e-02, 1.34568976e-02],
       [2.22001293e-04, 2.79808500e-01, 7.04588670e-01, 1.53808287e-02],
       [5.65290240e-03, 1.71012042e-01, 2.20134354e-01, 6.03200702e-01]])]","[array([[1.00000000e+00, 0.00000000e+00, 0.00000000e+00, 0.00000000e+00],
       [0.00000000e+00, 8.79964284e-01, 1.13073053e-01, 6.96266347e-03],
       [1.17205813e-04, 1.15415761e-01, 8.70460938e-01, 1.40060947e-02],
       [3.02478400e-02, 1.03201084e-01, 2.87267058e-01, 5.79284018e-01]])]","[array([[9.99939940e-01, 0.00000000e+00, 6.43499263e-06, 5.36249386e-05],
       [0.00000000e+00, 8.90117869e-01, 1.09099625e-01, 7.82505710e-04],
       [1.38860442e-04, 1.07148188e-01, 8.84933295e-01, 7.77965625e-03],
       [4.31929747e-01, 3.14373898e-02, 1.00595238e-01, 4.36037625e-01]])]","[array([[9.99975814e-01, 0.00000000e+00, 6.91018146e-06, 1.72754537e-05],
       [0.00000000e+00, 8.32555021e-01, 1.67246909e-01, 1.98069583e-04],
       [4.44760719e-06, 6.77548479e-02, 9.28651486e-01, 3.58921900e-03],
       [5.44981436e-01, 1.76696253e-02, 2.32348373e-01, 2.05000566e-01]])]","[array([[9.99977707e-01, 0.00000000e+00, 1.71483054e-06, 2.05779665e-05],
       [0.00000000e+00, 8.41389611e-01, 1.57835408e-01, 7.74980802e-04],
       [9.49640561e-06, 6.15651976e-02, 9.34113938e-01, 4.31136815e-03],
       [5.62492876e-01, 2.47360076e-02, 1.72644276e-01, 2.40126841e-01]])]","[array([[9.99894311e-01, 0.00000000e+00, 3.46791600e-05, 7.10097085e-05],
       [0.00000000e+00, 8.07504162e-01, 1.92370596e-01, 1.25241274e-04],
       [1.01163379e-05, 5.25189681e-02, 9.44036419e-01, 3.43449671e-03],
       [4.92430501e-01, 3.68979539e-02, 2.57212751e-01, 2.13458794e-01]])]"
10112103,/proj/NIRAL/users/siyangj/model_10112103/inference,1,0.7213730103806228,0.24950034602076124,0.05274114390714768,0.8698974251622357,1.5912704355428584,0.3022414899279089,"[array([[9.99905932e-01, 0.00000000e+00, 0.00000000e+00, 9.40676060e-05],
       [3.87543253e-05, 7.21373010e-01, 2.49500346e-01, 2.90878893e-02],
       [2.67485405e-04, 5.27411439e-02, 8.69897425e-01, 7.70939455e-02],
       [1.10612912e-01, 8.03066951e-04, 7.98286791e-02, 8.08755342e-01]])]","[array([[9.91634263e-01, 0.00000000e+00, 6.50254419e-03, 1.86319318e-03],
       [1.65735784e-05, 5.22006950e-01, 4.32200253e-01, 4.57762235e-02],
       [2.91184700e-04, 1.13435431e-02, 9.48878095e-01, 3.94871773e-02],
       [1.47900135e-01, 7.87045997e-04, 1.35088059e-01, 7.16224760e-01]])]","[array([[9.99993220e-01, 0.00000000e+00, 0.00000000e+00, 6.77982189e-06],
       [1.16864070e-04, 7.78963299e-01, 1.95274017e-01, 2.56458201e-02],
       [7.04612801e-04, 4.20354623e-02, 9.33636092e-01, 2.36238333e-02],
       [6.32623980e-03, 3.22575594e-02, 1.98493603e-01, 7.62922598e-01]])]","[array([[1.00000000e+00, 0.00000000e+00, 0.00000000e+00, 0.00000000e+00],
       [5.01632815e-06, 7.36321727e-01, 2.29045543e-01, 3.46277132e-02],
       [2.98342070e-04, 3.43572859e-02, 9.17423177e-01, 4.79211951e-02],
       [3.40215348e-02, 3.09909227e-02, 2.50083779e-01, 6.84903763e-01]])]","[array([[9.99976405e-01, 0.00000000e+00, 0.00000000e+00, 2.35949730e-05],
       [0.00000000e+00, 8.82102473e-01, 9.79260074e-02, 1.99715196e-02],
       [1.77047063e-04, 1.98476701e-01, 7.07237059e-01, 9.41091929e-02],
       [4.35949442e-01, 1.94077014e-02, 1.87022340e-02, 5.25940623e-01]])]","[array([[9.99984452e-01, 0.00000000e+00, 0.00000000e+00, 1.55479083e-05],
       [0.00000000e+00, 9.00904264e-01, 9.72597835e-02, 1.83595268e-03],
       [3.11332503e-05, 3.74799858e-02, 9.46517524e-01, 1.59713574e-02],
       [5.47850950e-01, 3.48661408e-03, 9.56504747e-02, 3.53011961e-01]])]","[array([[9.99987996e-01, 0.00000000e+00, 0.00000000e+00, 1.20038138e-05],
       [7.04528001e-06, 8.63286341e-01, 1.34283037e-01, 2.42357633e-03],
       [1.37697881e-04, 1.61391413e-02, 9.65926897e-01, 1.77962641e-02],
       [5.64938497e-01, 2.07256034e-04, 5.96275609e-02, 3.75226686e-01]])]","[array([[9.99917431e-01, 0.00000000e+00, 0.00000000e+00, 8.25694285e-05],
       [0.00000000e+00, 8.70728904e-01, 1.27274603e-01, 1.99649324e-03],
       [6.57561963e-05, 1.79666161e-02, 9.66727365e-01, 1.52402630e-02],
       [4.93224467e-01, 1.75960001e-03, 8.44286128e-02, 4.20587320e-01]])]"
10112103,/proj/NIRAL/users/siyangj/model_10112103/inference_12300_10112103,1,0.8094339100346021,0.17694117647058824,0.13088952465129985,0.8096821963265338,1.619116106361136,0.30783070112188804,"[array([[9.99991820e-01, 0.00000000e+00, 0.00000000e+00, 8.17979182e-06],
       [8.85813149e-05, 8.09433910e-01, 1.76941176e-01, 1.35363322e-02],
       [1.52350383e-03, 1.30889525e-01, 8.09682196e-01, 5.79047752e-02],
       [1.18863469e-01, 1.44552051e-02, 1.04436945e-01, 7.62244381e-01]])]","[array([[9.90795826e-01, 0.00000000e+00, 7.86453840e-03, 1.33963589e-03],
       [6.62943136e-05, 6.84328577e-01, 3.02053466e-01, 1.35516626e-02],
       [2.19443542e-04, 2.25014032e-02, 9.59204602e-01, 1.80745517e-02],
       [7.73111412e-02, 5.09644539e-03, 2.27262757e-01, 6.90329656e-01]])]","[array([[9.99993220e-01, 0.00000000e+00, 0.00000000e+00, 6.77982189e-06],
       [2.33728139e-05, 9.04814215e-01, 7.51026943e-02, 2.00597175e-02],
       [1.35131222e-04, 8.28788742e-02, 8.97633273e-01, 1.93527214e-02],
       [1.59721896e-03, 5.93476457e-02, 9.44394858e-02, 8.44615650e-01]])]","[array([[1.00000000e+00, 0.00000000e+00, 0.00000000e+00, 0.00000000e+00],
       [1.00326563e-05, 8.91526920e-01, 8.26690879e-02, 2.57939593e-02],
       [2.13101479e-05, 7.13037548e-02, 8.96784299e-01, 3.18906363e-02],
       [2.98253027e-02, 3.56825434e-02, 1.03303076e-01, 8.31189078e-01]])]","[array([[9.99954955e-01, 0.00000000e+00, 4.28999509e-06, 4.07549533e-05],
       [1.40992020e-05, 8.43985280e-01, 1.47139272e-01, 8.86134845e-03],
       [1.11088353e-04, 2.41762972e-01, 6.94718790e-01, 6.34071492e-02],
       [4.33987360e-01, 6.60052910e-02, 2.08921223e-02, 4.79115226e-01]])]","[array([[9.99982725e-01, 0.00000000e+00, 3.45509073e-06, 1.38203629e-05],
       [0.00000000e+00, 9.56378983e-01, 4.33239123e-02, 2.97104375e-04],
       [0.00000000e+00, 6.26845757e-02, 9.26441025e-01, 1.08743996e-02],
       [5.46678460e-01, 5.97558342e-03, 1.02479713e-01, 3.44866244e-01]])]","[array([[9.99993141e-01, 0.00000000e+00, 0.00000000e+00, 6.85932216e-06],
       [0.00000000e+00, 9.28194506e-01, 7.13405054e-02, 4.64988481e-04],
       [2.84892168e-05, 3.57729599e-02, 9.50723151e-01, 1.34753996e-02],
       [5.63995482e-01, 3.33682214e-03, 6.53892786e-02, 3.67278417e-01]])]","[array([[9.99914128e-01, 0.00000000e+00, 3.46791600e-05, 5.11930457e-05],
       [0.00000000e+00, 9.41328147e-01, 5.80898496e-02, 5.82003566e-04],
       [0.00000000e+00, 3.89782499e-02, 9.49256449e-01, 1.17653010e-02],
       [4.92988423e-01, 6.79162688e-03, 8.77117689e-02, 4.12508181e-01]])]"
10112127,/proj/NIRAL/users/siyangj/model_10112127/inference_13500_10112127,1,0.7378491349480969,0.2358754325259516,0.06977104800006202,0.8030415804123152,1.540890715360412,0.3056464805260136,"[array([[9.99961146e-01, 0.00000000e+00, 0.00000000e+00, 3.88540112e-05],
       [4.42906574e-05, 7.37849135e-01, 2.35875433e-01, 2.62311419e-02],
       [5.62107010e-04, 6.97710480e-02, 8.03041580e-01, 1.26625265e-01],
       [3.52775839e-02, 3.70940449e-03, 4.51247144e-02, 9.15888297e-01]])]","[array([[9.94207332e-01, 0.00000000e+00, 2.46873096e-03, 3.32393663e-03],
       [1.04965997e-04, 8.90459696e-01, 9.35468010e-02, 1.58885372e-02],
       [3.58705790e-03, 5.24385664e-02, 9.08289480e-01, 3.56848960e-02],
       [3.54944842e-02, 8.48977485e-03, 1.00780595e-01, 8.55235146e-01]])]","[array([[9.99935592e-01, 0.00000000e+00, 0.00000000e+00, 6.44083080e-05],
       [1.92825715e-04, 8.25066174e-01, 1.37268536e-01, 3.74724639e-02],
       [2.68814610e-03, 1.13568140e-01, 8.11072073e-01, 7.26716408e-02],
       [1.43906296e-02, 6.97452279e-02, 8.15521210e-02, 8.34312021e-01]])]","[array([[1.00000000e+00, 0.00000000e+00, 0.00000000e+00, 0.00000000e+00],
       [5.01632815e-06, 8.47719326e-01, 1.27655519e-01, 2.46201386e-02],
       [1.86463794e-04, 6.45377829e-02, 8.71979287e-01, 6.32964668e-02],
       [1.96698381e-03, 2.84119884e-02, 7.33320706e-02, 8.96288957e-01]])]","[array([[9.99832690e-01, 0.00000000e+00, 0.00000000e+00, 1.67309808e-04],
       [0.00000000e+00, 8.60467248e-01, 1.36163043e-01, 3.36970927e-03],
       [4.16581325e-05, 2.77720884e-02, 9.44337792e-01, 2.78484616e-02],
       [3.50529101e-03, 3.90946502e-03, 5.66945914e-02, 9.35890653e-01]])]","[array([[9.99917078e-01, 0.00000000e+00, 0.00000000e+00, 8.29221775e-05],
       [0.00000000e+00, 8.93629016e-01, 1.05997699e-01, 3.73284984e-04],
       [0.00000000e+00, 3.23252090e-02, 9.50035581e-01, 1.76392101e-02],
       [1.23419967e-03, 2.96207922e-03, 1.13371525e-01, 8.82432196e-01]])]","[array([[9.99933122e-01, 0.00000000e+00, 0.00000000e+00, 6.68783911e-05],
       [0.00000000e+00, 8.90044315e-01, 1.09300474e-01, 6.55211041e-04],
       [4.74820281e-06, 2.98614474e-02, 9.53253943e-01, 1.68798610e-02],
       [4.76688878e-04, 1.36788982e-03, 1.04612483e-01, 8.93542938e-01]])]","[array([[9.99745686e-01, 0.00000000e+00, 1.65138857e-06, 2.52662451e-04],
       [0.00000000e+00, 8.91069560e-01, 1.08002181e-01, 9.28258852e-04],
       [0.00000000e+00, 2.26757714e-02, 9.56646434e-01, 2.06777946e-02],
       [4.72087808e-04, 3.15440490e-03, 1.02067530e-01, 8.94305977e-01]])]"
10112127,/proj/NIRAL/users/siyangj/model_10112127/inference_8700_10112127,1,0.713201384083045,0.2718615916955017,0.05093077167600928,0.8646833980725545,1.5778847821555997,0.322792363371511,"[array([[9.99957056e-01, 0.00000000e+00, 0.00000000e+00, 4.29439071e-05],
       [2.49134948e-04, 7.13201384e-01, 2.71861592e-01, 1.46878893e-02],
       [1.40332922e-03, 5.09307717e-02, 8.64683398e-01, 8.29825010e-02],
       [3.97996157e-02, 4.61763497e-03, 8.08133921e-02, 8.74769357e-01]])]","[array([[9.90071044e-01, 0.00000000e+00, 6.66464200e-03, 3.26431445e-03],
       [8.83924181e-05, 8.52694035e-01, 1.38063433e-01, 9.15413980e-03],
       [4.42685145e-03, 3.17644527e-02, 9.38530488e-01, 2.52782080e-02],
       [5.57512419e-02, 1.13670086e-02, 1.52028901e-01, 7.80852848e-01]])]","[array([[9.99601685e-01, 1.69495547e-06, 1.69495547e-06, 3.94924625e-04],
       [4.55769871e-04, 8.37985497e-01, 1.22941001e-01, 3.86177318e-02],
       [1.94009826e-03, 1.67606150e-01, 7.55388357e-01, 7.50653939e-02],
       [1.76633626e-02, 5.86899673e-02, 8.62811419e-02, 8.37365528e-01]])]","[array([[9.99883783e-01, 0.00000000e+00, 0.00000000e+00, 1.16217351e-04],
       [5.01632815e-05, 8.11406127e-01, 1.56985989e-01, 3.15577204e-02],
       [6.87252270e-04, 8.74248817e-02, 8.17537186e-01, 9.43506798e-02],
       [7.69309224e-03, 3.16757245e-02, 8.18993779e-02, 8.78731805e-01]])]","[array([[9.99806950e-01, 0.00000000e+00, 0.00000000e+00, 1.93049779e-04],
       [0.00000000e+00, 7.35851451e-01, 2.59580408e-01, 4.56814144e-03],
       [2.09679267e-03, 6.07028421e-02, 8.96042130e-01, 4.11582349e-02],
       [1.62698413e-02, 1.00088183e-02, 1.15924456e-01, 8.57796884e-01]])]","[array([[9.99882527e-01, 0.00000000e+00, 0.00000000e+00, 1.17473085e-04],
       [0.00000000e+00, 7.77644038e-01, 2.22089329e-01, 2.66632131e-04],
       [1.33428216e-05, 3.32769970e-02, 9.53687066e-01, 1.30225938e-02],
       [3.35290911e-03, 4.82366372e-03, 1.90509005e-01, 8.01314423e-01]])]","[array([[9.99921118e-01, 0.00000000e+00, 1.71483054e-06, 7.71673743e-05],
       [0.00000000e+00, 7.73451976e-01, 2.25477142e-01, 1.07088256e-03],
       [4.74820281e-06, 3.11292176e-02, 9.57793225e-01, 1.10728089e-02],
       [1.36788982e-03, 1.45079224e-03, 1.83089980e-01, 8.14091338e-01]])]","[array([[9.99734126e-01, 0.00000000e+00, 3.30277714e-05, 2.32845788e-04],
       [0.00000000e+00, 7.97912154e-01, 2.01763692e-01, 3.24153885e-04],
       [1.51745068e-05, 3.80576631e-02, 9.48578655e-01, 1.33485078e-02],
       [1.63084879e-03, 3.45482442e-03, 1.81764535e-01, 8.13149791e-01]])]"
10112130,/proj/NIRAL/users/siyangj/model_10112130/inference_7300,1,0.7120387543252595,0.238078892733564,0.06273501887904233,0.8044526628365858,1.516491417161845,0.30081391161260634,"[array([[9.99104313e-01, 0.00000000e+00, 0.00000000e+00, 8.95687205e-04],
       [5.20415225e-04, 7.12038754e-01, 2.38078893e-01, 4.93619377e-02],
       [2.92295645e-03, 6.27350189e-02, 8.04452663e-01, 1.29889362e-01],
       [4.59947036e-02, 3.67116320e-03, 4.65778832e-02, 9.03756250e-01]])]","[array([[9.91621220e-01, 1.86319318e-06, 4.87225016e-03, 3.50466637e-03],
       [2.76226307e-05, 7.41308539e-01, 2.32914022e-01, 2.57498163e-02],
       [2.37589835e-03, 1.79563898e-02, 9.46291193e-01, 3.33765187e-02],
       [3.52106316e-02, 6.01251532e-03, 1.42545642e-01, 8.16231211e-01]])]","[array([[9.99927117e-01, 0.00000000e+00, 0.00000000e+00, 7.28830854e-05],
       [1.16864070e-04, 8.62497736e-01, 1.02034019e-01, 3.53513810e-02],
       [2.14762121e-03, 8.24252193e-02, 8.65085953e-01, 5.03412063e-02],
       [5.26142716e-03, 4.98113089e-02, 6.52824102e-02, 8.79644854e-01]])]","[array([[9.99998265e-01, 0.00000000e+00, 0.00000000e+00, 1.73458732e-06],
       [2.00653126e-05, 8.55890925e-01, 1.09967946e-01, 3.41210641e-02],
       [2.73835400e-03, 6.77236500e-02, 8.48761880e-01, 8.07761156e-02],
       [7.51824924e-03, 3.12968980e-02, 6.08453659e-02, 9.00339487e-01]])]","[array([[9.99240671e-01, 0.00000000e+00, 0.00000000e+00, 7.59329131e-04],
       [3.52480050e-05, 8.76004568e-01, 1.05398584e-01, 1.85615994e-02],
       [1.21850038e-03, 1.82879202e-01, 6.87831312e-01, 1.28070985e-01],
       [8.35537919e-03, 2.58891828e-02, 4.03586126e-02, 9.25396825e-01]])]","[array([[9.99917078e-01, 0.00000000e+00, 0.00000000e+00, 8.29221775e-05],
       [0.00000000e+00, 9.04659968e-01, 9.41059063e-02, 1.23412587e-03],
       [0.00000000e+00, 4.75582637e-02, 9.21530866e-01, 3.09108700e-02],
       [2.61238931e-03, 3.97000895e-03, 9.00245811e-02, 9.03393021e-01]])]","[array([[9.99933122e-01, 0.00000000e+00, 0.00000000e+00, 6.68783911e-05],
       [0.00000000e+00, 8.76298974e-01, 1.22503329e-01, 1.19769760e-03],
       [4.74820281e-06, 2.19604380e-02, 9.50053655e-01, 2.79811591e-02],
       [9.63740557e-04, 9.94828962e-04, 7.93894237e-02, 9.18652007e-01]])]","[array([[9.99745686e-01, 0.00000000e+00, 0.00000000e+00, 2.54313840e-04],
       [0.00000000e+00, 8.82958346e-01, 1.15752405e-01, 1.28924841e-03],
       [0.00000000e+00, 2.78907436e-02, 9.42078907e-01, 3.00303490e-02],
       [1.73814148e-03, 2.68231709e-03, 8.29265152e-02, 9.12653026e-01]])]"
