model,inf_dir,test_im,test_11,test_12,test_21,test_22,test_11+22,test_12+21,1,2,3,4,5,6,7,8
10112050,/proj/NIRAL/users/siyangj/model_10112050/inference_17000_10112050,1,0.9189148788927336,0.06739930795847751,0.29504415447475946,0.649303374968018,1.5682182538607516,0.362443462433237,"[array([[9.99995958e-01, 0.00000000e+00, 0.00000000e+00, 4.04240483e-06],
       [6.64359862e-05, 9.18914879e-01, 6.73993080e-02, 1.36193772e-02],
       [1.51187403e-03, 2.95044154e-01, 6.49303375e-01, 5.41405965e-02],
       [5.86825015e-02, 2.78086876e-02, 1.27319077e-01, 7.86189734e-01]])]","[array([[9.92899343e-01, 2.40386838e-05, 2.32620494e-03, 4.75041374e-03],
       [1.10490523e-04, 8.24259299e-01, 1.56758429e-01, 1.88717813e-02],
       [2.95826775e-03, 5.44726392e-02, 9.11032524e-01, 3.15365690e-02],
       [9.02169620e-02, 1.91765523e-02, 1.67467960e-01, 7.23138526e-01]])]","[array([[9.99996610e-01, 0.00000000e+00, 0.00000000e+00, 3.38991095e-06],
       [0.00000000e+00, 9.10306827e-01, 6.33052665e-02, 2.63879069e-02],
       [2.89566904e-04, 2.12609673e-01, 7.56117101e-01, 3.09836588e-02],
       [7.21880334e-03, 8.86926293e-02, 8.19749143e-02, 8.22113653e-01]])]","[array([[9.99996543e-01, 0.00000000e+00, 0.00000000e+00, 3.45705559e-06],
       [0.00000000e+00, 9.29605867e-01, 5.63333651e-02, 1.40607678e-02],
       [2.13101479e-05, 1.16076376e-01, 8.55506542e-01, 2.83957721e-02],
       [6.30517024e-04, 5.41193779e-02, 1.06197082e-01, 8.39053023e-01]])]","[array([[9.99925734e-01, 0.00000000e+00, 1.90424685e-06, 7.23613804e-05],
       [0.00000000e+00, 9.54769760e-01, 4.37780222e-02, 1.45221780e-03],
       [2.43005773e-05, 9.83791515e-02, 8.79201830e-01, 2.23947177e-02],
       [2.85199445e-04, 2.21418478e-02, 6.92645743e-02, 9.08308378e-01]])]","[array([[9.99957277e-01, 0.00000000e+00, 0.00000000e+00, 4.27234118e-05],
       [0.00000000e+00, 9.69101145e-01, 3.01446670e-02, 7.54188029e-04],
       [0.00000000e+00, 9.60238392e-02, 8.87035225e-01, 1.69409358e-02],
       [2.72028654e-04, 1.05637794e-02, 2.33219232e-01, 7.55944960e-01]])]","[array([[9.99967062e-01, 0.00000000e+00, 0.00000000e+00, 3.29379214e-05],
       [0.00000000e+00, 9.58172173e-01, 4.02144583e-02, 1.61336912e-03],
       [4.74820281e-06, 7.08906679e-02, 9.08321700e-01, 2.07828837e-02],
       [4.75239996e-05, 2.87520198e-03, 1.55736147e-01, 8.41341127e-01]])]","[array([[9.99829622e-01, 0.00000000e+00, 7.67470310e-06, 1.62703706e-04],
       [0.00000000e+00, 9.67761423e-01, 3.04483638e-02, 1.79021350e-03],
       [0.00000000e+00, 8.40010116e-02, 8.96272129e-01, 1.97268589e-02],
       [6.34745996e-05, 4.84522777e-03, 1.73941561e-01, 8.21149737e-01]])]"
10112050,/proj/NIRAL/users/siyangj/model_10112050/inference,1,0.8951750865051903,0.09714602076124568,0.22437761185929492,0.7535102613603765,1.6486853478655668,0.3215236326205406,"[array([[9.99987873e-01, 0.00000000e+00, 0.00000000e+00, 1.21272145e-05],
       [6.64359862e-05, 8.95175087e-01, 9.71460208e-02, 7.61245675e-03],
       [2.34534304e-03, 2.24377612e-01, 7.53510261e-01, 1.97667837e-02],
       [7.63449127e-02, 2.33172153e-02, 1.82865640e-01, 7.17472232e-01]])]","[array([[9.92847567e-01, 0.00000000e+00, 6.71788755e-03, 4.34545438e-04],
       [1.21539575e-04, 8.57163377e-01, 1.37013773e-01, 5.70131097e-03],
       [1.61206602e-03, 5.21642619e-02, 9.30845744e-01, 1.53779282e-02],
       [8.43332471e-02, 1.91220735e-02, 2.04881304e-01, 6.91663375e-01]])]","[array([[9.99969491e-01, 0.00000000e+00, 1.01697328e-05, 2.03394657e-05],
       [1.98668918e-04, 9.01693945e-01, 8.76188362e-02, 1.04885502e-02],
       [1.19205042e-03, 2.63003967e-01, 7.24766657e-01, 1.10373252e-02],
       [1.78669297e-02, 1.24285558e-01, 2.24440582e-01, 6.33406931e-01]])]","[array([[9.99970615e-01, 0.00000000e+00, 1.20996946e-05, 1.72852780e-05],
       [3.00979689e-05, 8.99332327e-01, 8.45953579e-02, 1.60422174e-02],
       [6.12666752e-04, 1.93613349e-01, 7.82226271e-01, 2.35477134e-02],
       [7.71632739e-03, 7.45060950e-02, 2.95427250e-01, 6.22350327e-01]])]","[array([[9.99849564e-01, 0.00000000e+00, 2.66594559e-05, 1.23776045e-04],
       [0.00000000e+00, 9.39747060e-01, 5.75952401e-02, 2.65769957e-03],
       [2.84663906e-04, 1.25699943e-01, 8.48642118e-01, 2.53732742e-02],
       [2.26863195e-03, 3.87871245e-02, 1.02049547e-01, 8.56894697e-01]])]","[array([[9.99917718e-01, 0.00000000e+00, 9.49409151e-06, 7.27880349e-05],
       [0.00000000e+00, 9.59654749e-01, 4.02233615e-02, 1.21888974e-04],
       [8.89521437e-06, 9.41736346e-02, 9.02192670e-01, 3.62479986e-03],
       [3.78573210e-03, 1.91553510e-02, 3.60437966e-01, 6.16620951e-01]])]","[array([[9.99855701e-01, 0.00000000e+00, 6.11704255e-05, 8.31290398e-05],
       [7.04528001e-06, 9.36867246e-01, 6.29918486e-02, 1.33860320e-04],
       [6.17266365e-05, 6.23913849e-02, 9.32860412e-01, 4.68647617e-03],
       [1.28314799e-03, 1.06453759e-02, 2.58815702e-01, 7.29255774e-01]])]","[array([[9.99889484e-01, 0.00000000e+00, 4.75831592e-05, 6.29325655e-05],
       [0.00000000e+00, 9.47148183e-01, 5.25497650e-02, 3.02052483e-04],
       [5.05816894e-06, 7.34800202e-02, 9.21203844e-01, 5.31107739e-03],
       [1.35412479e-03, 1.89577471e-02, 2.84979794e-01, 6.94708334e-01]])]"
10112050,/proj/NIRAL/users/siyangj/model_10112050/inference_13200_10112050,1,0.9265716262975778,0.05850242214532872,0.3087789485109979,0.649880988377953,1.5764526146755309,0.3672813706563266,"[array([[9.99981809e-01, 0.00000000e+00, 0.00000000e+00, 1.81908217e-05],
       [1.10726644e-04, 9.26571626e-01, 5.85024221e-02, 1.48152249e-02],
       [3.09740345e-03, 3.08778949e-01, 6.49880988e-01, 3.82426597e-02],
       [5.00030348e-02, 2.88910919e-02, 9.71230299e-02, 8.23982843e-01]])]","[array([[9.95715567e-01, 0.00000000e+00, 3.19899407e-03, 1.08543903e-03],
       [7.18188397e-05, 9.27518217e-01, 5.98858633e-02, 1.25241007e-02],
       [2.56580141e-03, 9.35251495e-02, 8.75356068e-01, 2.85529808e-02],
       [3.95652588e-02, 1.74468491e-02, 1.21120085e-01, 8.21867807e-01]])]","[array([[9.99976271e-01, 0.00000000e+00, 1.01697328e-05, 1.35596438e-05],
       [2.33728139e-04, 8.73255073e-01, 1.09040020e-01, 1.74711784e-02],
       [1.93527214e-03, 1.84975339e-01, 7.94171018e-01, 1.89183711e-02],
       [1.96050798e-02, 6.75373076e-02, 1.57654907e-01, 7.55202706e-01]])]","[array([[9.99987900e-01, 0.00000000e+00, 3.45705559e-06, 8.64263898e-06],
       [2.50816407e-05, 8.29901329e-01, 1.47018545e-01, 2.30550442e-02],
       [8.41750842e-04, 6.45377829e-02, 8.98302647e-01, 3.63178195e-02],
       [9.87810004e-03, 3.40629316e-02, 1.53440821e-01, 8.02618147e-01]])]","[array([[9.99925734e-01, 0.00000000e+00, 1.71382217e-05, 5.71274055e-05],
       [0.00000000e+00, 9.32648112e-01, 6.49902716e-02, 2.36161633e-03],
       [1.15948469e-03, 8.34898406e-02, 8.98125037e-01, 1.72256378e-02],
       [3.42239334e-03, 1.99250703e-02, 9.20546027e-02, 8.84597934e-01]])]","[array([[9.99933541e-01, 0.00000000e+00, 3.16469717e-06, 6.32939434e-05],
       [0.00000000e+00, 9.62206800e-01, 3.75875125e-02, 2.05687644e-04],
       [1.46771037e-04, 9.67576944e-02, 8.95316670e-01, 7.77886497e-03],
       [3.19633668e-03, 1.14252035e-02, 3.03470632e-01, 6.81907828e-01]])]","[array([[9.99896481e-01, 0.00000000e+00, 7.84236224e-06, 9.56768194e-05],
       [2.81811201e-05, 9.40692833e-01, 5.89408126e-02, 3.38173441e-04],
       [3.18129588e-04, 8.37820385e-02, 9.05790908e-01, 1.01089238e-02],
       [9.50479992e-04, 7.38998194e-03, 2.09533314e-01, 7.82126224e-01]])]","[array([[9.99926323e-01, 0.00000000e+00, 1.38144656e-05, 5.98626842e-05],
       [7.36713374e-06, 9.39051703e-01, 6.05799408e-02, 3.60989553e-04],
       [1.41628730e-04, 8.29387962e-02, 9.07926151e-01, 8.99342438e-03],
       [8.46327994e-04, 1.57205425e-02, 2.22309206e-01, 7.61123924e-01]])]"
10112055,/proj/NIRAL/users/siyangj/model_10112055/inference,1,0.8243321799307959,0.15909757785467127,0.1415850642352631,0.8055458640553889,1.6298780439861846,0.30068264208993434,"[array([[9.99939364e-01, 0.00000000e+00, 0.00000000e+00, 6.06360724e-05],
       [6.64359862e-05, 8.24332180e-01, 1.59097578e-01, 1.65038062e-02],
       [1.17848642e-03, 1.41585064e-01, 8.05545864e-01, 5.16905853e-02],
       [5.07920772e-02, 2.12636818e-02, 1.34177676e-01, 7.93766565e-01]])]","[array([[9.90305014e-01, 2.95860724e-05, 6.95272700e-03, 2.71267301e-03],
       [2.20981045e-05, 7.80858622e-01, 2.00462955e-01, 1.86563248e-02],
       [1.13097825e-03, 7.26653528e-02, 8.95511114e-01, 3.06925554e-02],
       [2.60136469e-02, 2.52237037e-02, 1.62973455e-01, 7.85789194e-01]])]","[array([[9.99971186e-01, 1.69495547e-06, 0.00000000e+00, 2.71192876e-05],
       [5.84320348e-06, 8.90930764e-01, 7.98707483e-02, 2.91926446e-02],
       [3.81263091e-04, 9.72944799e-02, 8.70718029e-01, 3.16062276e-02],
       [4.32188660e-03, 7.64629430e-02, 6.65507900e-02, 8.52664380e-01]])]","[array([[1.00000000e+00, 0.00000000e+00, 0.00000000e+00, 0.00000000e+00],
       [2.00653126e-05, 8.22261461e-01, 1.43261316e-01, 3.44571580e-02],
       [1.97118868e-04, 6.01105997e-02, 8.98856711e-01, 4.08355709e-02],
       [5.70467784e-03, 7.49114274e-02, 1.99228367e-01, 7.20155528e-01]])]","[array([[9.99771490e-01, 0.00000000e+00, 7.61698741e-06, 2.20892635e-04],
       [1.05744015e-04, 9.35608945e-01, 5.52265742e-02, 9.05873728e-03],
       [2.91606928e-04, 1.51694618e-01, 7.84908647e-01, 6.31051278e-02],
       [5.83362501e-04, 1.93676350e-02, 3.97853226e-02, 9.40263680e-01]])]","[array([[9.99931959e-01, 0.00000000e+00, 4.74704576e-06, 6.32939434e-05],
       [0.00000000e+00, 9.54543031e-01, 4.24173631e-02, 3.03960630e-03],
       [8.89521437e-06, 1.38631916e-01, 8.25137876e-01, 3.62213129e-02],
       [1.90420058e-03, 2.24877020e-02, 2.21680684e-01, 7.53927414e-01]])]","[array([[9.99973336e-01, 0.00000000e+00, 0.00000000e+00, 2.66640316e-05],
       [1.40905600e-05, 9.52162549e-01, 4.49488865e-02, 2.87447425e-03],
       [2.37410140e-05, 9.25567173e-02, 8.61969744e-01, 4.54497973e-02],
       [2.37619998e-04, 7.60383994e-03, 1.23396065e-01, 8.68762475e-01]])]","[array([[9.99867995e-01, 0.00000000e+00, 5.83277436e-05, 7.36771498e-05],
       [0.00000000e+00, 9.46853497e-01, 4.96765828e-02, 3.46991999e-03],
       [2.02326758e-05, 8.68993424e-02, 8.74992413e-01, 3.80880121e-02],
       [2.53898398e-04, 1.38374627e-02, 1.57120792e-01, 8.28787847e-01]])]"
10112055,/proj/NIRAL/users/siyangj/model_10112055/inference_18900_10112055,1,0.8920193771626298,0.09443875432525951,0.25017250870296714,0.6969739259879515,1.5889933031505814,0.34461126302822664,"[array([[1.00000000e+00, 0.00000000e+00, 0.00000000e+00, 0.00000000e+00],
       [4.42906574e-05, 8.92019377e-01, 9.44387543e-02, 1.34975779e-02],
       [1.75997643e-03, 2.50172509e-01, 6.96973926e-01, 5.10935889e-02],
       [6.27794525e-02, 2.65947761e-02, 1.02241690e-01, 8.08384082e-01]])]","[array([[9.92322414e-01, 3.69825904e-06, 5.22933829e-03, 2.44454923e-03],
       [3.86716829e-05, 8.76046207e-01, 1.10960107e-01, 1.29550138e-02],
       [1.54032486e-03, 7.13866722e-02, 8.98617084e-01, 2.84559193e-02],
       [3.39947973e-02, 1.64934693e-02, 1.47596802e-01, 8.01914931e-01]])]","[array([[9.99994915e-01, 0.00000000e+00, 0.00000000e+00, 5.08486642e-06],
       [1.75296104e-05, 9.18750256e-01, 5.72049620e-02, 2.40272527e-02],
       [1.64087913e-04, 1.20372962e-01, 8.48348986e-01, 3.11139639e-02],
       [2.03567122e-03, 4.81827720e-02, 5.65603420e-02, 8.93221215e-01]])]","[array([[1.00000000e+00, 0.00000000e+00, 0.00000000e+00, 0.00000000e+00],
       [5.01632815e-06, 8.46048889e-01, 1.19980537e-01, 3.39655579e-02],
       [4.79478328e-05, 9.52190683e-02, 8.71164173e-01, 3.35688105e-02],
       [9.90812466e-04, 5.10418543e-02, 1.75313757e-01, 7.72653576e-01]])]","[array([[9.99973341e-01, 0.00000000e+00, 0.00000000e+00, 2.66594559e-05],
       [7.04960099e-06, 9.44921467e-01, 5.16947241e-02, 3.37675888e-03],
       [1.73575552e-04, 8.56248199e-02, 8.85408892e-01, 2.87927126e-02],
       [6.61144168e-04, 1.07338700e-02, 5.39286224e-02, 9.34676363e-01]])]","[array([[9.99987341e-01, 0.00000000e+00, 0.00000000e+00, 1.26587887e-05],
       [0.00000000e+00, 9.64088461e-01, 3.56601431e-02, 2.51396010e-04],
       [0.00000000e+00, 9.67310087e-02, 8.86568226e-01, 1.67007650e-02],
       [1.31480516e-03, 9.77036248e-03, 2.13111781e-01, 7.75803051e-01]])]","[array([[9.99995295e-01, 0.00000000e+00, 0.00000000e+00, 4.70541735e-06],
       [0.00000000e+00, 9.43482764e-01, 5.57352102e-02, 7.82026082e-04],
       [3.79856224e-05, 7.08146966e-02, 9.07490765e-01, 2.16565530e-02],
       [2.37619998e-04, 5.82168995e-03, 1.23110921e-01, 8.70829769e-01]])]","[array([[9.99937067e-01, 0.00000000e+00, 1.22795250e-05, 5.06530405e-05],
       [0.00000000e+00, 9.49277284e-01, 4.97134185e-02, 1.00929732e-03],
       [1.51745068e-05, 6.28528073e-02, 9.20085989e-01, 1.70460293e-02],
       [4.02005797e-04, 9.16150054e-03, 1.60188731e-01, 8.30247763e-01]])]"
10112055,/proj/NIRAL/users/siyangj/model_10112055/inference_21900_10112055,1,0.8610159169550173,0.1251598615916955,0.12089564967940518,0.8213081199264997,1.6823240368815169,0.2460555112711007,"[array([[9.99993936e-01, 0.00000000e+00, 0.00000000e+00, 6.06360724e-06],
       [3.32179931e-05, 8.61015917e-01, 1.25159862e-01, 1.37910035e-02],
       [1.21725242e-03, 1.20895650e-01, 8.21308120e-01, 5.65789780e-02],
       [4.34175653e-02, 1.64788476e-02, 8.02901248e-02, 8.59813462e-01]])]","[array([[9.95284720e-01, 3.69825904e-06, 3.49115654e-03, 1.22042548e-03],
       [2.76226307e-05, 8.84625796e-01, 1.08766871e-01, 6.57971063e-03],
       [1.42638302e-03, 3.45750180e-02, 9.41729300e-01, 2.22692994e-02],
       [2.17370579e-02, 1.73242717e-02, 1.30177192e-01, 8.30761478e-01]])]","[array([[1.00000000e+00, 0.00000000e+00, 0.00000000e+00, 0.00000000e+00],
       [2.33728139e-05, 8.78420465e-01, 1.01917155e-01, 1.96390069e-02],
       [2.75088559e-04, 5.33478760e-02, 9.27024314e-01, 1.93527214e-02],
       [2.83428070e-03, 3.85837992e-02, 9.63185669e-02, 8.62263353e-01]])]","[array([[1.00000000e+00, 0.00000000e+00, 0.00000000e+00, 0.00000000e+00],
       [1.00326563e-05, 8.04333104e-01, 1.60261652e-01, 3.53952114e-02],
       [1.65153646e-04, 5.65784427e-02, 8.97498189e-01, 4.57582151e-02],
       [1.00582478e-03, 2.76226506e-02, 1.82369543e-01, 7.89001982e-01]])]","[array([[9.99986670e-01, 0.00000000e+00, 0.00000000e+00, 1.33297280e-05],
       [0.00000000e+00, 9.04604799e-01, 9.38372388e-02, 1.55796182e-03],
       [1.35388931e-04, 3.21739644e-02, 9.58123162e-01, 9.56748444e-03],
       [4.66690001e-04, 8.64672863e-03, 7.85205927e-02, 9.12365989e-01]])]","[array([[9.99988924e-01, 0.00000000e+00, 1.58234859e-06, 9.49409151e-06],
       [0.00000000e+00, 9.61863987e-01, 3.76636931e-02, 4.72319776e-04],
       [4.44760719e-06, 5.72184665e-02, 9.33566091e-01, 9.21099448e-03],
       [1.02010745e-03, 9.38498855e-03, 2.03908145e-01, 7.85686759e-01]])]","[array([[9.99996863e-01, 0.00000000e+00, 0.00000000e+00, 3.13694490e-06],
       [7.04528001e-06, 9.40530791e-01, 5.88844504e-02, 5.77712961e-04],
       [1.89928112e-05, 3.49990029e-02, 9.53420130e-01, 1.15618738e-02],
       [1.66333999e-04, 2.32867598e-03, 1.34944397e-01, 8.62560593e-01]])]","[array([[9.99969301e-01, 0.00000000e+00, 4.60482186e-06, 2.60939906e-05],
       [0.00000000e+00, 9.39685276e-01, 5.93201609e-02, 9.94563055e-04],
       [0.00000000e+00, 3.60900354e-02, 9.53444613e-01, 1.04653515e-02],
       [2.32740198e-04, 7.87085035e-03, 1.45081776e-01, 8.46814633e-01]])]"
10112055,/proj/NIRAL/users/siyangj/model_10112055/inference_21900_normal,1,0.8617633217993079,0.12486089965397924,0.12100419448127214,0.8224594701463029,1.684222791945611,0.24586509413525137,"[array([[9.91322978e-01, 0.00000000e+00, 1.08538570e-03, 7.59163626e-03],
       [3.32179931e-05, 8.61763322e-01, 1.24860900e-01, 1.33425606e-02],
       [9.45890416e-04, 1.21004194e-01, 8.22459470e-01, 5.55904450e-02],
       [3.88653975e-02, 1.68733688e-02, 8.20300645e-02, 8.62231169e-01]])]","[array([[9.84748380e-01, 4.43791085e-05, 7.87729176e-03, 7.32994943e-03],
       [2.20981045e-05, 8.88912829e-01, 1.05894117e-01, 5.17095646e-03],
       [8.81994235e-04, 3.59760807e-02, 9.43379346e-01, 1.97625790e-02],
       [1.27889081e-02, 2.01571715e-02, 1.42639227e-01, 8.24414693e-01]])]","[array([[1.00000000e+00, 0.00000000e+00, 0.00000000e+00, 0.00000000e+00],
       [2.33728139e-05, 8.78420465e-01, 1.01917155e-01, 1.96390069e-02],
       [2.75088559e-04, 5.33478760e-02, 9.27024314e-01, 1.93527214e-02],
       [2.83428070e-03, 3.85837992e-02, 9.63185669e-02, 8.62263353e-01]])]","[array([[9.96544673e-01, 0.00000000e+00, 1.75272718e-03, 1.70259988e-03],
       [0.00000000e+00, 8.07378015e-01, 1.56569634e-01, 3.60523504e-02],
       [4.79478328e-05, 6.39943741e-02, 8.88515961e-01, 4.74417167e-02],
       [6.90566264e-04, 2.63165796e-02, 1.77340419e-01, 7.95652435e-01]])]","[array([[8.89199493e-01, 6.07454746e-04, 3.92788998e-02, 7.09141527e-02],
       [0.00000000e+00, 8.99881567e-01, 9.90609931e-02, 1.05744015e-03],
       [4.86011546e-05, 4.43346676e-02, 9.47982879e-01, 7.63385279e-03],
       [1.94454167e-04, 1.86287092e-02, 9.15490219e-02, 8.89627815e-01]])]","[array([[9.16129196e-01, 3.73434266e-04, 2.70961372e-02, 5.64012330e-02],
       [0.00000000e+00, 9.65680636e-01, 3.40527322e-02, 2.66632131e-04],
       [0.00000000e+00, 8.33036826e-02, 9.10002669e-01, 6.69364882e-03],
       [0.00000000e+00, 1.63217192e-02, 2.12409040e-01, 7.71269240e-01]])]","[array([[9.14648435e-01, 4.79952569e-04, 3.05444325e-02, 5.43271802e-02],
       [0.00000000e+00, 9.56826524e-01, 4.28987100e-02, 2.74765921e-04],
       [4.74820281e-06, 6.42289393e-02, 9.29114080e-01, 6.65223213e-03],
       [0.00000000e+00, 5.10882996e-03, 1.69304249e-01, 8.25586921e-01]])]","[array([[9.29358963e-01, 5.35694277e-04, 2.86005486e-02, 4.15047944e-02],
       [0.00000000e+00, 9.56474974e-01, 4.29651240e-02, 5.59902164e-04],
       [0.00000000e+00, 6.10723318e-02, 9.30698027e-01, 8.22964087e-03],
       [0.00000000e+00, 8.54791274e-03, 1.47938133e-01, 8.43513954e-01]])]"
10112056,/proj/NIRAL/users/siyangj/model_10112056/inference_18100_10112056,1,0.8255391003460207,0.12466159169550173,0.17421053039642112,0.7374456306840649,1.5629847310300855,0.2988721220919228,"[array([[9.99997979e-01, 0.00000000e+00, 0.00000000e+00, 2.02120241e-06],
       [1.32871972e-04, 8.25539100e-01, 1.24661592e-01, 4.96664360e-02],
       [1.05831182e-03, 1.74210530e-01, 7.37445631e-01, 8.72855271e-02],
       [7.04068626e-02, 5.95828191e-03, 6.89299371e-02, 8.54704918e-01]])]","[array([[9.90292070e-01, 7.39651809e-06, 5.56957812e-03, 4.13095535e-03],
       [4.97207352e-05, 8.04702477e-01, 1.50686975e-01, 4.45608278e-02],
       [3.67145926e-04, 3.86220634e-02, 9.06812456e-01, 5.41983348e-02],
       [3.56019231e-02, 1.05961347e-02, 8.69890906e-02, 8.66812852e-01]])]","[array([[1.00000000e+00, 0.00000000e+00, 0.00000000e+00, 0.00000000e+00],
       [3.50592209e-05, 8.04077387e-01, 9.06982044e-02, 1.05189349e-01],
       [7.14265031e-04, 1.69724815e-01, 7.50031370e-01, 7.95295503e-02],
       [1.28717057e-02, 3.38547783e-02, 3.38234603e-02, 9.19450056e-01]])]","[array([[1.00000000e+00, 0.00000000e+00, 0.00000000e+00, 0.00000000e+00],
       [5.01632815e-06, 8.62978997e-01, 7.21247661e-02, 6.48912209e-02],
       [6.39304437e-05, 1.03466096e-01, 8.05960448e-01, 9.05095256e-02],
       [2.86735123e-03, 1.62433195e-02, 6.17606437e-02, 9.19128686e-01]])]","[array([[9.99969532e-01, 0.00000000e+00, 9.52123426e-06, 2.09467154e-05],
       [0.00000000e+00, 9.07509235e-01, 8.71542171e-02, 5.33654795e-03],
       [5.90156878e-05, 3.99744497e-02, 9.44292662e-01, 1.56738724e-02],
       [7.25962224e-04, 2.37234084e-03, 5.89196126e-02, 9.37982084e-01]])]","[array([[9.99984177e-01, 0.00000000e+00, 0.00000000e+00, 1.58234859e-05],
       [0.00000000e+00, 9.55769538e-01, 4.15031958e-02, 2.72726580e-03],
       [8.89521437e-06, 8.10398506e-02, 8.92568048e-01, 2.63832058e-02],
       [1.26946705e-03, 9.09029084e-03, 1.41386893e-01, 8.48253349e-01]])]","[array([[9.99990589e-01, 0.00000000e+00, 0.00000000e+00, 9.41083469e-06],
       [0.00000000e+00, 9.41841213e-01, 5.31989094e-02, 4.95987713e-03],
       [4.74820281e-06, 6.87777176e-02, 8.99599252e-01, 3.16182825e-02],
       [3.32667997e-04, 6.89097994e-04, 7.07157114e-02, 9.28262523e-01]])]","[array([[9.99930928e-01, 1.53494062e-06, 6.13976248e-06, 6.13976248e-05],
       [0.00000000e+00, 9.26247624e-01, 6.53980462e-02, 8.35432966e-03],
       [0.00000000e+00, 8.43601416e-02, 8.81618614e-01, 3.40212443e-02],
       [2.96214798e-04, 4.02005797e-03, 9.12341578e-02, 9.04449569e-01]])]"
10112056,/proj/NIRAL/users/siyangj/model_10112056/inference_16500_10112056,1,0.7938546712802769,0.18939792387543253,0.09042557315531986,0.8495762876127122,1.643430958892989,0.2798234970307524,"[array([[1.00000000e+00, 0.00000000e+00, 0.00000000e+00, 0.00000000e+00],
       [1.16262976e-04, 7.93854671e-01, 1.89397924e-01, 1.66311419e-02],
       [3.09352685e-03, 9.04255732e-02, 8.49576288e-01, 5.69046124e-02],
       [9.17919356e-02, 2.59979364e-03, 1.13197240e-01, 7.92411030e-01]])]","[array([[9.93474422e-01, 3.69825904e-06, 5.02963230e-03, 1.49224752e-03],
       [9.39169443e-05, 7.81665203e-01, 1.95617946e-01, 2.26229345e-02],
       [1.39684255e-03, 3.57819575e-02, 9.24946089e-01, 3.78751113e-02],
       [4.79413808e-02, 7.66789698e-03, 1.18409763e-01, 8.25980960e-01]])]","[array([[1.00000000e+00, 0.00000000e+00, 0.00000000e+00, 0.00000000e+00],
       [4.09024243e-05, 8.91620262e-01, 8.03148318e-02, 2.80240039e-02],
       [7.43221721e-04, 2.19486887e-01, 7.44548903e-01, 3.52209878e-02],
       [1.45785378e-02, 7.02619752e-02, 1.09174614e-01, 8.05984873e-01]])]","[array([[1.00000000e+00, 0.00000000e+00, 0.00000000e+00, 0.00000000e+00],
       [1.50489844e-05, 8.65251393e-01, 1.03978450e-01, 3.07551079e-02],
       [2.77031923e-04, 9.45850914e-02, 8.52235435e-01, 5.29024421e-02],
       [6.57539182e-03, 3.68852459e-02, 1.32949018e-01, 8.23590344e-01]])]","[array([[9.99979053e-01, 0.00000000e+00, 1.90424685e-06, 1.90424685e-05],
       [0.00000000e+00, 9.18422017e-01, 8.02033105e-02, 1.37467219e-03],
       [1.45803464e-04, 4.81186146e-02, 9.41321049e-01, 1.04145331e-02],
       [1.75008750e-03, 1.30673200e-02, 9.46343613e-02, 8.90548231e-01]])]","[array([[9.99990506e-01, 0.00000000e+00, 0.00000000e+00, 9.49409151e-06],
       [0.00000000e+00, 9.44830003e-01, 5.48119482e-02, 3.58048862e-04],
       [4.44760719e-06, 4.56502402e-02, 9.40860167e-01, 1.34851450e-02],
       [1.92686963e-03, 1.06771247e-02, 1.70539297e-01, 8.16856709e-01]])]","[array([[9.99995295e-01, 0.00000000e+00, 0.00000000e+00, 4.70541735e-06],
       [0.00000000e+00, 9.31991912e-01, 6.70147035e-02, 9.93384482e-04],
       [1.89928112e-05, 3.26106569e-02, 9.52693655e-01, 1.46766949e-02],
       [3.56429997e-04, 1.44948199e-03, 1.16837753e-01, 8.81356335e-01]])]","[array([[9.99940137e-01, 0.00000000e+00, 9.20964372e-06, 5.06530405e-05],
       [7.36713374e-06, 9.33798936e-01, 6.45508259e-02, 1.64287082e-03],
       [5.05816894e-06, 4.83055134e-02, 9.35629742e-01, 1.60596864e-02],
       [6.34745996e-04, 4.25279817e-03, 1.38416943e-01, 8.56695512e-01]])]"
10112056,/proj/NIRAL/users/siyangj/model_10112056/inference,1,0.8455750865051903,0.1473826989619377,0.18431295017018273,0.7890431775715426,1.634618264076733,0.33169564913212046,"[array([[9.99252155e-01, 0.00000000e+00, 6.06360724e-06, 7.41781286e-04],
       [1.99307958e-04, 8.45575087e-01, 1.47382699e-01, 6.84290657e-03],
       [1.37619302e-03, 1.84312950e-01, 7.89043178e-01, 2.52676792e-02],
       [1.27359540e-02, 4.75853279e-02, 1.88368705e-01, 7.51310013e-01]])]","[array([[9.91715900e-01, 1.84912952e-06, 5.18126092e-03, 3.10099021e-03],
       [2.20981045e-05, 9.39208114e-01, 5.44718277e-02, 6.29795979e-03],
       [5.02188105e-04, 1.29218486e-01, 8.49955478e-01, 2.03238480e-02],
       [7.47722103e-03, 3.93745829e-02, 1.75013279e-01, 7.78134917e-01]])]","[array([[9.99811860e-01, 1.69495547e-06, 8.47477737e-06, 1.77970325e-04],
       [7.01184417e-05, 9.08641514e-01, 7.78314703e-02, 1.34568976e-02],
       [2.22001293e-04, 2.79808500e-01, 7.04588670e-01, 1.53808287e-02],
       [5.65290240e-03, 1.71012042e-01, 2.20134354e-01, 6.03200702e-01]])]","[array([[9.99958515e-01, 0.00000000e+00, 6.91411118e-06, 3.45705559e-05],
       [0.00000000e+00, 8.79964284e-01, 1.13073053e-01, 6.96266347e-03],
       [1.17205813e-04, 1.15415761e-01, 8.70460938e-01, 1.40060947e-02],
       [1.18597250e-03, 1.06332192e-01, 2.95922657e-01, 5.96559179e-01]])]","[array([[9.99544885e-01, 0.00000000e+00, 8.56911083e-05, 3.69423889e-04],
       [0.00000000e+00, 8.90117869e-01, 1.09099625e-01, 7.82505710e-04],
       [1.38860442e-04, 1.07148188e-01, 8.84933295e-01, 7.77965625e-03],
       [6.09289724e-04, 5.54583285e-02, 1.76914401e-01, 7.67017981e-01]])]","[array([[9.99761065e-01, 0.00000000e+00, 1.26587887e-05, 2.26275848e-04],
       [0.00000000e+00, 8.32555021e-01, 1.67246909e-01, 1.98069583e-04],
       [4.44760719e-06, 6.77548479e-02, 9.28651486e-01, 3.58921900e-03],
       [2.04021490e-04, 3.89454356e-02, 5.12025933e-01, 4.48824610e-01]])]","[array([[9.99767866e-01, 0.00000000e+00, 4.07802837e-05, 1.91353639e-04],
       [0.00000000e+00, 8.41389611e-01, 1.57835408e-01, 7.74980802e-04],
       [9.49640561e-06, 6.15651976e-02, 9.34113938e-01, 4.31136815e-03],
       [0.00000000e+00, 5.67198935e-02, 3.95280867e-01, 5.47999240e-01]])]","[array([[9.99831157e-01, 0.00000000e+00, 4.29783374e-05, 1.25865131e-04],
       [0.00000000e+00, 8.07504162e-01, 1.92370596e-01, 1.25241274e-04],
       [1.01163379e-05, 5.25189681e-02, 9.44036419e-01, 3.43449671e-03],
       [4.23163997e-05, 7.27630493e-02, 5.07077418e-01, 4.20117216e-01]])]"
10112103,/proj/NIRAL/users/siyangj/model_10112103/inference,1,0.7213730103806228,0.24950034602076124,0.052741143907147674,0.8698974251622357,1.5912704355428584,0.3022414899279089,"[array([[9.99840325e-01, 0.00000000e+00, 0.00000000e+00, 1.59674991e-04],
       [3.87543253e-05, 7.21373010e-01, 2.49500346e-01, 2.90878893e-02],
       [2.67485405e-04, 5.27411439e-02, 8.69897425e-01, 7.70939455e-02],
       [5.92591094e-02, 8.49737997e-04, 8.44680033e-02, 8.55423149e-01]])]","[array([[9.91636387e-01, 0.00000000e+00, 6.45346203e-03, 1.91015080e-03],
       [1.65735784e-05, 5.22006950e-01, 4.32200253e-01, 4.57762235e-02],
       [2.91184700e-04, 1.13435431e-02, 9.48878095e-01, 3.94871773e-02],
       [1.00976533e-01, 8.30802337e-04, 1.42598368e-01, 7.55594296e-01]])]","[array([[9.99993220e-01, 0.00000000e+00, 0.00000000e+00, 6.77982189e-06],
       [1.16864070e-04, 7.78963299e-01, 1.95274017e-01, 2.56458201e-02],
       [7.04612801e-04, 4.20354623e-02, 9.33636092e-01, 2.36238333e-02],
       [6.32623980e-03, 3.22575594e-02, 1.98493603e-01, 7.62922598e-01]])]","[array([[9.99996543e-01, 0.00000000e+00, 0.00000000e+00, 3.45705559e-06],
       [5.01632815e-06, 7.36321727e-01, 2.29045543e-01, 3.46277132e-02],
       [2.98342070e-04, 3.43572859e-02, 9.17423177e-01, 4.79211951e-02],
       [4.74388999e-03, 3.19311836e-02, 2.57671290e-01, 7.05653636e-01]])]","[array([[9.99885745e-01, 1.90424685e-06, 0.00000000e+00, 1.12350564e-04],
       [0.00000000e+00, 8.82102473e-01, 9.79260074e-02, 1.99715196e-02],
       [1.77047063e-04, 1.98476701e-01, 7.07237059e-01, 9.41091929e-02],
       [5.60028001e-03, 3.42239334e-02, 3.29923904e-02, 9.27183396e-01]])]","[array([[9.99974682e-01, 0.00000000e+00, 0.00000000e+00, 2.53175774e-05],
       [0.00000000e+00, 9.00904264e-01, 9.72597835e-02, 1.83595268e-03],
       [3.11332503e-05, 3.74799858e-02, 9.46517524e-01, 1.59713574e-02],
       [3.58171061e-03, 7.68480947e-03, 2.10822207e-01, 7.77911273e-01]])]","[array([[9.99987452e-01, 0.00000000e+00, 0.00000000e+00, 1.25477796e-05],
       [7.04528001e-06, 8.63286341e-01, 1.34283037e-01, 2.42357633e-03],
       [1.37697881e-04, 1.61391413e-02, 9.65926897e-01, 1.77962641e-02],
       [2.42372398e-03, 4.75239996e-04, 1.36726547e-01, 8.60374489e-01]])]","[array([[9.99880275e-01, 0.00000000e+00, 0.00000000e+00, 1.19725368e-04],
       [0.00000000e+00, 8.70728904e-01, 1.27274603e-01, 1.99649324e-03],
       [6.57561963e-05, 1.79666161e-02, 9.66727365e-01, 1.52402630e-02],
       [1.22717559e-03, 3.46994478e-03, 1.66493875e-01, 8.28809005e-01]])]"
10112103,/proj/NIRAL/users/siyangj/model_10112103/inference_12300_10112103,1,0.8094339100346021,0.17694117647058824,0.13088952465129983,0.8096821963265338,1.619116106361136,0.30783070112188804,"[array([[9.99975746e-01, 0.00000000e+00, 0.00000000e+00, 2.42544290e-05],
       [8.85813149e-05, 8.09433910e-01, 1.76941176e-01, 1.35363322e-02],
       [1.52350383e-03, 1.30889525e-01, 8.09682196e-01, 5.79047752e-02],
       [6.77362575e-02, 1.52952840e-02, 1.10506403e-01, 8.06462055e-01]])]","[array([[9.90759900e-01, 0.00000000e+00, 7.81072310e-03, 1.42937712e-03],
       [6.62943136e-05, 6.84328577e-01, 3.02053466e-01, 1.35516626e-02],
       [2.19443542e-04, 2.25014032e-02, 9.59204602e-01, 1.80745517e-02],
       [2.67899704e-02, 5.37978563e-03, 2.39856721e-01, 7.27973523e-01]])]","[array([[9.99993220e-01, 0.00000000e+00, 0.00000000e+00, 6.77982189e-06],
       [2.33728139e-05, 9.04814215e-01, 7.51026943e-02, 2.00597175e-02],
       [1.35131222e-04, 8.28788742e-02, 8.97633273e-01, 1.93527214e-02],
       [1.59721896e-03, 5.93476457e-02, 9.44394858e-02, 8.44615650e-01]])]","[array([[1.00000000e+00, 0.00000000e+00, 0.00000000e+00, 0.00000000e+00],
       [1.00326563e-05, 8.91526920e-01, 8.26690879e-02, 2.57939593e-02],
       [2.13101479e-05, 7.13037548e-02, 8.96784299e-01, 3.18906363e-02],
       [3.90320062e-04, 3.67651474e-02, 1.06437279e-01, 8.56407254e-01]])]","[array([[9.99954298e-01, 0.00000000e+00, 3.80849370e-06, 4.18934307e-05],
       [1.40992020e-05, 8.43985280e-01, 1.47139272e-01, 8.86134845e-03],
       [1.11088353e-04, 2.41762972e-01, 6.94718790e-01, 6.34071492e-02],
       [1.54266973e-03, 1.16439155e-01, 3.68555465e-02, 8.45162629e-01]])]","[array([[9.99984177e-01, 0.00000000e+00, 3.16469717e-06, 1.26587887e-05],
       [0.00000000e+00, 9.56378983e-01, 4.33239123e-02, 2.97104375e-04],
       [0.00000000e+00, 6.26845757e-02, 9.26441025e-01, 1.08743996e-02],
       [8.38755016e-04, 1.31707206e-02, 2.25874459e-01, 7.60116066e-01]])]","[array([[9.99993726e-01, 0.00000000e+00, 0.00000000e+00, 6.27388980e-06],
       [0.00000000e+00, 9.28194506e-01, 7.13405054e-02, 4.64988481e-04],
       [2.84892168e-05, 3.57729599e-02, 9.50723151e-01, 1.34753996e-02],
       [2.37619998e-04, 7.65136394e-03, 1.49938219e-01, 8.42172797e-01]])]","[array([[9.99920183e-01, 0.00000000e+00, 3.22337530e-05, 4.75831592e-05],
       [0.00000000e+00, 9.41328147e-01, 5.80898496e-02, 5.82003566e-04],
       [0.00000000e+00, 3.89782499e-02, 9.49256449e-01, 1.17653010e-02],
       [1.69265599e-04, 1.33931405e-02, 1.72968284e-01, 8.13469310e-01]])]"
10112127,/proj/NIRAL/users/siyangj/model_10112127/inference_13500_10112127,1,0.7378491349480969,0.23587543252595156,0.06977104800006202,0.8030415804123152,1.540890715360412,0.30564648052601356,"[array([[9.99961146e-01, 0.00000000e+00, 0.00000000e+00, 3.88540112e-05],
       [4.42906574e-05, 7.37849135e-01, 2.35875433e-01, 2.62311419e-02],
       [5.62107010e-04, 6.97710480e-02, 8.03041580e-01, 1.26625265e-01],
       [3.52775839e-02, 3.70940449e-03, 4.51247144e-02, 9.15888297e-01]])]","[array([[9.94207332e-01, 0.00000000e+00, 2.46873096e-03, 3.32393663e-03],
       [1.04965997e-04, 8.90459696e-01, 9.35468010e-02, 1.58885372e-02],
       [3.58705790e-03, 5.24385664e-02, 9.08289480e-01, 3.56848960e-02],
       [3.54944842e-02, 8.48977485e-03, 1.00780595e-01, 8.55235146e-01]])]","[array([[9.99935592e-01, 0.00000000e+00, 0.00000000e+00, 6.44083080e-05],
       [1.92825715e-04, 8.25066174e-01, 1.37268536e-01, 3.74724639e-02],
       [2.68814610e-03, 1.13568140e-01, 8.11072073e-01, 7.26716408e-02],
       [1.43906296e-02, 6.97452279e-02, 8.15521210e-02, 8.34312021e-01]])]","[array([[1.00000000e+00, 0.00000000e+00, 0.00000000e+00, 0.00000000e+00],
       [5.01632815e-06, 8.47719326e-01, 1.27655519e-01, 2.46201386e-02],
       [1.86463794e-04, 6.45377829e-02, 8.71979287e-01, 6.32964668e-02],
       [1.96698381e-03, 2.84119884e-02, 7.33320706e-02, 8.96288957e-01]])]","[array([[9.99832690e-01, 0.00000000e+00, 0.00000000e+00, 1.67309808e-04],
       [0.00000000e+00, 8.60467248e-01, 1.36163043e-01, 3.36970927e-03],
       [4.16581325e-05, 2.77720884e-02, 9.44337792e-01, 2.78484616e-02],
       [3.50529101e-03, 3.90946502e-03, 5.66945914e-02, 9.35890653e-01]])]","[array([[9.99917078e-01, 0.00000000e+00, 0.00000000e+00, 8.29221775e-05],
       [0.00000000e+00, 8.93629016e-01, 1.05997699e-01, 3.73284984e-04],
       [0.00000000e+00, 3.23252090e-02, 9.50035581e-01, 1.76392101e-02],
       [1.23419967e-03, 2.96207922e-03, 1.13371525e-01, 8.82432196e-01]])]","[array([[9.99933122e-01, 0.00000000e+00, 0.00000000e+00, 6.68783911e-05],
       [0.00000000e+00, 8.90044315e-01, 1.09300474e-01, 6.55211041e-04],
       [4.74820281e-06, 2.98614474e-02, 9.53253943e-01, 1.68798610e-02],
       [4.76688878e-04, 1.36788982e-03, 1.04612483e-01, 8.93542938e-01]])]","[array([[9.99745686e-01, 0.00000000e+00, 1.65138857e-06, 2.52662451e-04],
       [0.00000000e+00, 8.91069560e-01, 1.08002181e-01, 9.28258852e-04],
       [0.00000000e+00, 2.26757714e-02, 9.56646434e-01, 2.06777946e-02],
       [4.72087808e-04, 3.15440490e-03, 1.02067530e-01, 8.94305977e-01]])]"
10112127,/proj/NIRAL/users/siyangj/model_10112127/inference_8700_10112127,1,0.713201384083045,0.2718615916955017,0.050930771676009276,0.8646833980725545,1.5778847821555995,0.322792363371511,"[array([[9.99957056e-01, 0.00000000e+00, 0.00000000e+00, 4.29439071e-05],
       [2.49134948e-04, 7.13201384e-01, 2.71861592e-01, 1.46878893e-02],
       [1.40332922e-03, 5.09307717e-02, 8.64683398e-01, 8.29825010e-02],
       [3.97996157e-02, 4.61763497e-03, 8.08133921e-02, 8.74769357e-01]])]","[array([[9.90071044e-01, 0.00000000e+00, 6.66464200e-03, 3.26431445e-03],
       [8.83924181e-05, 8.52694035e-01, 1.38063433e-01, 9.15413980e-03],
       [4.42685145e-03, 3.17644527e-02, 9.38530488e-01, 2.52782080e-02],
       [5.57512419e-02, 1.13670086e-02, 1.52028901e-01, 7.80852848e-01]])]","[array([[9.99601685e-01, 1.69495547e-06, 1.69495547e-06, 3.94924625e-04],
       [4.55769871e-04, 8.37985497e-01, 1.22941001e-01, 3.86177318e-02],
       [1.94009826e-03, 1.67606150e-01, 7.55388357e-01, 7.50653939e-02],
       [1.76633626e-02, 5.86899673e-02, 8.62811419e-02, 8.37365528e-01]])]","[array([[9.99883783e-01, 0.00000000e+00, 0.00000000e+00, 1.16217351e-04],
       [5.01632815e-05, 8.11406127e-01, 1.56985989e-01, 3.15577204e-02],
       [6.87252270e-04, 8.74248817e-02, 8.17537186e-01, 9.43506798e-02],
       [7.69309224e-03, 3.16757245e-02, 8.18993779e-02, 8.78731805e-01]])]","[array([[9.99806950e-01, 0.00000000e+00, 0.00000000e+00, 1.93049779e-04],
       [0.00000000e+00, 7.35851451e-01, 2.59580408e-01, 4.56814144e-03],
       [2.09679267e-03, 6.07028421e-02, 8.96042130e-01, 4.11582349e-02],
       [1.62698413e-02, 1.00088183e-02, 1.15924456e-01, 8.57796884e-01]])]","[array([[9.99882527e-01, 0.00000000e+00, 0.00000000e+00, 1.17473085e-04],
       [0.00000000e+00, 7.77644038e-01, 2.22089329e-01, 2.66632131e-04],
       [1.33428216e-05, 3.32769970e-02, 9.53687066e-01, 1.30225938e-02],
       [3.35290911e-03, 4.82366372e-03, 1.90509005e-01, 8.01314423e-01]])]","[array([[9.99921118e-01, 0.00000000e+00, 1.71483054e-06, 7.71673743e-05],
       [0.00000000e+00, 7.73451976e-01, 2.25477142e-01, 1.07088256e-03],
       [4.74820281e-06, 3.11292176e-02, 9.57793225e-01, 1.10728089e-02],
       [1.36788982e-03, 1.45079224e-03, 1.83089980e-01, 8.14091338e-01]])]","[array([[9.99734126e-01, 0.00000000e+00, 3.30277714e-05, 2.32845788e-04],
       [0.00000000e+00, 7.97912154e-01, 2.01763692e-01, 3.24153885e-04],
       [1.51745068e-05, 3.80576631e-02, 9.48578655e-01, 1.33485078e-02],
       [1.63084879e-03, 3.45482442e-03, 1.81764535e-01, 8.13149791e-01]])]"
10112130,/proj/NIRAL/users/siyangj/model_10112130/inference_7300,1,0.7120387543252595,0.238078892733564,0.06273501887904233,0.8044526628365858,1.5164914171618453,0.30081391161260634,"[array([[9.99104313e-01, 0.00000000e+00, 0.00000000e+00, 8.95687205e-04],
       [5.20415225e-04, 7.12038754e-01, 2.38078893e-01, 4.93619377e-02],
       [2.92295645e-03, 6.27350189e-02, 8.04452663e-01, 1.29889362e-01],
       [4.59947036e-02, 3.67116320e-03, 4.65778832e-02, 9.03756250e-01]])]","[array([[9.91621220e-01, 1.86319318e-06, 4.87225016e-03, 3.50466637e-03],
       [2.76226307e-05, 7.41308539e-01, 2.32914022e-01, 2.57498163e-02],
       [2.37589835e-03, 1.79563898e-02, 9.46291193e-01, 3.33765187e-02],
       [3.52106316e-02, 6.01251532e-03, 1.42545642e-01, 8.16231211e-01]])]","[array([[9.99927117e-01, 0.00000000e+00, 0.00000000e+00, 7.28830854e-05],
       [1.16864070e-04, 8.62497736e-01, 1.02034019e-01, 3.53513810e-02],
       [2.14762121e-03, 8.24252193e-02, 8.65085953e-01, 5.03412063e-02],
       [5.26142716e-03, 4.98113089e-02, 6.52824102e-02, 8.79644854e-01]])]","[array([[9.99998265e-01, 0.00000000e+00, 0.00000000e+00, 1.73458732e-06],
       [2.00653126e-05, 8.55890925e-01, 1.09967946e-01, 3.41210641e-02],
       [2.73835400e-03, 6.77236500e-02, 8.48761880e-01, 8.07761156e-02],
       [7.51824924e-03, 3.12968980e-02, 6.08453659e-02, 9.00339487e-01]])]","[array([[9.99240671e-01, 0.00000000e+00, 0.00000000e+00, 7.59329131e-04],
       [3.52480050e-05, 8.76004568e-01, 1.05398584e-01, 1.85615994e-02],
       [1.21850038e-03, 1.82879202e-01, 6.87831312e-01, 1.28070985e-01],
       [8.35537919e-03, 2.58891828e-02, 4.03586126e-02, 9.25396825e-01]])]","[array([[9.99917078e-01, 0.00000000e+00, 0.00000000e+00, 8.29221775e-05],
       [0.00000000e+00, 9.04659968e-01, 9.41059063e-02, 1.23412587e-03],
       [0.00000000e+00, 4.75582637e-02, 9.21530866e-01, 3.09108700e-02],
       [2.61238931e-03, 3.97000895e-03, 9.00245811e-02, 9.03393021e-01]])]","[array([[9.99933122e-01, 0.00000000e+00, 0.00000000e+00, 6.68783911e-05],
       [0.00000000e+00, 8.76298974e-01, 1.22503329e-01, 1.19769760e-03],
       [4.74820281e-06, 2.19604380e-02, 9.50053655e-01, 2.79811591e-02],
       [9.63740557e-04, 9.94828962e-04, 7.93894237e-02, 9.18652007e-01]])]","[array([[9.99745686e-01, 0.00000000e+00, 0.00000000e+00, 2.54313840e-04],
       [0.00000000e+00, 8.82958346e-01, 1.15752405e-01, 1.28924841e-03],
       [0.00000000e+00, 2.78907436e-02, 9.42078907e-01, 3.00303490e-02],
       [1.73814148e-03, 2.68231709e-03, 8.29265152e-02, 9.12653026e-01]])]"
